1000	0.00027131199021823704243
2000	0.00077722499554511159658
3000	0.0011371059954399242997
4000	0.0012766449945047497749
5000	0.0016348320059478282928
6000	0.0020900179952150210738
7000	0.0026487889990676194429
8000	0.0027661819913191720843
9000	0.0035794459981843829155
10000	0.0035278980067232623696
11000	0.0043404910102253779769
12000	0.0047581990074831992388
13000	0.0048634139966452494264
14000	0.0052685580012621358037
15000	0.005931478997808881104
16000	0.0063473039917880669236
17000	0.0067783450067508965731
18000	0.0071534819871885702014
19000	0.0075563339923974126577
20000	0.0082372780016157776117
21000	0.0083996169996680691838
22000	0.0088080989953596144915
23000	0.0096917129994835704565
24000	0.0096331409877166152
25000	0.010508334002224728465
26000	0.010439452002174220979
27000	0.011154621999594382942
28000	0.01173350001045037061
29000	0.013348980006412602961
30000	0.0130915979971177876
31000	0.013355287999729625881
32000	0.013850717994500882924
33000	0.013131415005773305893
34000	0.013820116000715643167
35000	0.014276137007982470095
36000	0.014659531007055193186
37000	0.015266952003003098071
38000	0.015364616003353148699
39000	0.015427110993186943233
40000	0.016190763999475166202
41000	0.016289004997815936804
42000	0.01664019998861476779
43000	0.017853379991720430553
44000	0.01810791999741923064
45000	0.018640819995198398829
46000	0.019239790999563410878
47000	0.019130344007862731814
48000	0.019827206997433677316
49000	0.020314214008976705372
50000	0.020039980998262763023
51000	0.020496570999966934323
52000	0.020891084001050330698
53000	0.022490934992674738169
54000	0.022494779012049548328
55000	0.023479231997043825686
56000	0.023362050997093319893
57000	0.024685002004844136536
58000	0.023517961992183700204
59000	0.023881829998572356999
60000	0.024300745004438795149
61000	0.025167671992676332593
62000	0.025941583007806912065
63000	0.026895803996012546122
64000	0.027146658001584000885
65000	0.027111498013255186379
66000	0.026924506993964314461
67000	0.027299262001179158688
68000	0.028448346987715922296
69000	0.029477878008037805557
70000	0.030571099996450357139
71000	0.030150278005748987198
72000	0.029574949003290385008
73000	0.031648406991735100746
74000	0.030486908013699576259
75000	0.032857102007255889475
76000	0.033321088994853198528
77000	0.033187609005835838616
78000	0.032230547003564424813
79000	0.032624041006783954799
80000	0.033065829004044644535
81000	0.034417999995639547706
82000	0.035276250011520460248
83000	0.035924962008721195161
84000	0.035541654011467471719
85000	0.035313957996550016105
86000	0.035714063007617369294
87000	0.038624145992798730731
88000	0.038168753002537414432
89000	0.038503780000610277057
90000	0.037477835998288355768
91000	0.038947714987443760037
92000	0.038713547997758723795
93000	0.040045060988632030785
94000	0.041198992999852634966
95000	0.040200821997132152319
96000	0.040135147006367333233
97000	0.041446005998295731843
98000	0.043955727989668957889
99000	0.043294764996971935034
100000	0.042606468006852082908
101000	0.042345430993009358644
102000	0.044327256997348740697
103000	0.044967530993744730949
104000	0.045114792999811470509
105000	0.044134758994914591312
106000	0.044599640998058021069
107000	0.047246642003301531076
108000	0.047630592991481535137
109000	0.047898878008709289134
110000	0.046423067004070617259
111000	0.047222654990036971867
112000	0.049118106995592825115
113000	0.049046250991523265839
114000	0.048193516995524987578
115000	0.049271448006038554013
116000	0.051283256005262956023
117000	0.050942458998179063201
118000	0.050800266006262972951
119000	0.051347749991691671312
120000	0.053602369007421657443
121000	0.0521911800024099648
122000	0.051825515998643822968
123000	0.05369301300379447639
124000	0.054777063996880315244
125000	0.054020041992771439254
126000	0.053529839002294465899
127000	0.055685772007564082742
128000	0.058357229005196131766
129000	0.055733165005221962929
130000	0.055398901007720269263
131000	0.057878590989275835454
132000	0.058593482011929154396
133000	0.056736709011602215469
134000	0.057217870009480975568
135000	0.060459728993009775877
136000	0.060656275003566406667
137000	0.059567296004388481379
138000	0.058984898001654073596
139000	0.062377453010412864387
140000	0.061343775989371351898
141000	0.060367204001522623003
142000	0.060863186998176388443
143000	0.065184829989448189735
144000	0.064348775005782954395
145000	0.062255903001641854644
146000	0.06270028399012517184
147000	0.065259619004791602492
148000	0.064541048006503842771
149000	0.064366626000264659524
150000	0.06667523400392383337
151000	0.06593145099759567529
152000	0.066745856005582027137
153000	0.068355495008290745318
154000	0.066457192006055265665
155000	0.06765476400323677808
156000	0.069505363993812352419
157000	0.068610240006819367409
158000	0.069100320004508830607
159000	0.070513958009541966021
160000	0.069146560999797657132
161000	0.070560356005444191396
162000	0.072061279992340132594
163000	0.070573186996625736356
164000	0.073872914988896809518
165000	0.073528594002709724009
166000	0.071941312999115325511
167000	0.073899419992812909186
168000	0.074658224999438971281
169000	0.073393936996581032872
170000	0.075591523011098615825
171000	0.076508365993504412472
172000	0.074783100004424341023
173000	0.078040424996288493276
174000	0.076509168997290544212
175000	0.076130126006319187582
176000	0.078875673993024975061
177000	0.078783213990391232073
178000	0.077700622990960255265
179000	0.080018452004878781736
180000	0.079455030994722619653
181000	0.078947210990008898079
182000	0.081580865007708780468
183000	0.081690135004464536905
184000	0.080480192991672083735
185000	0.082848384001408703625
186000	0.082218875992111861706
187000	0.081788732000859454274
188000	0.085866711000562645495
189000	0.084414117998676374555
190000	0.083060903998557478189
191000	0.086171443996136076748
192000	0.085046492007677443326
193000	0.085338607997982762754
194000	0.088006481004413217306
195000	0.086347774005844257772
196000	0.085852238000370562077
197000	0.089501524009392596781
198000	0.087172101004398427904
199000	0.088377986001432873309
200000	0.090057055000215768814
201000	0.088262518998817540705
202000	0.088704537003650330007
203000	0.090699028005474247038
204000	0.09054043800279032439
205000	0.090532280999468639493
206000	0.092754676006734371185
207000	0.091014174991869367659
208000	0.091475206005270592868
209000	0.094531688999268226326
210000	0.092883302000700496137
211000	0.092889935986022464931
212000	0.095538130000932142138
213000	0.09389590700448025018
214000	0.095346307003637775779
215000	0.096023799997055903077
216000	0.095370458002435043454
217000	0.096149759003310464323
218000	0.096205503010423853993
219000	0.097830932994838804007
220000	0.098253941992879845202
221000	0.098605815001064911485
222000	0.098276122007519006729
223000	0.098878156000864692032
224000	0.10033326299162581563
225000	0.10056315799010917544
226000	0.10030018699762877077
227000	0.10075809000409208238
228000	0.10182122999685816467
229000	0.10237592899648007005
230000	0.10218804799660574645
231000	0.10261308199551422149
232000	0.10314393900625873357
233000	0.10419269099656958133
234000	0.12018639199959579855
235000	0.12394525100535247475
236000	0.12466207001125440001
237000	0.11400601299828849733
238000	0.10857065398886334151
239000	0.10660173599899280816
240000	0.10697711999819148332
241000	0.10787759900267701596
242000	0.10862640100822318345
243000	0.10841197300760541111
244000	0.10877123000682331622
245000	0.10984149300202261657
246000	0.11016431800089776516
247000	0.11032894300296902657
248000	0.11090838900418020785
249000	0.11129104999417904764
250000	0.11322535699582658708
251000	0.13263174000894650817
252000	0.13387716699799057096
253000	0.13306044199271127582
254000	0.11375111600500531495
255000	0.11359803700179327279
256000	0.11455386900343000889
257000	0.11552888600272126496
258000	0.11583283499930985272
259000	0.11623975599650293589
260000	0.11643844599893782288
261000	0.11751125000591855496
262000	0.11743008100893348455
263000	0.11777145700762048364
264000	0.11856683199584949762
265000	0.11895803100196644664
266000	0.11957628699019551277
267000	0.11962711199885234237
268000	0.12028176098829135299
269000	0.12104815899510867894
270000	0.12217265000799670815
271000	0.12129077399731613696
272000	0.12219721000292338431
273000	0.12275672999385278672
274000	0.12407655299466568977
275000	0.12321743900247383863
276000	0.12442371799261309206
277000	0.12512099900050088763
278000	0.12642349800444208086
279000	0.12530361500103026628
280000	0.12633402999199461192
281000	0.12780894500610884279
282000	0.12744777000625617802
283000	0.12702461300068534911
284000	0.12863493899931199849
285000	0.12852996800211258233
286000	0.12937781499931588769
287000	0.12896680299309082329
288000	0.13102774099388625473
289000	0.13072290499985683709
290000	0.13145835400791838765
291000	0.13132613900233991444
292000	0.13254787100595422089
293000	0.13183819800906348974
294000	0.13329636900743935257
295000	0.13332036600331775844
296000	0.15656146900437306613
297000	0.15865147700242232531
298000	0.15256653400138020515
299000	0.13588282799173612148
300000	0.13632084299752023071
301000	0.13979585999913979322
302000	0.13891113101271912456
303000	0.136981390998698771
304000	0.13969663898751605302
305000	0.13921699200000148267
306000	0.1410048120014835149
307000	0.13871053099865093827
308000	0.14200287399580702186
309000	0.14074396499199792743
310000	0.14251327600504737347
311000	0.14090206600667443126
312000	0.1437687610014108941
313000	0.14180450901039876044
314000	0.14461074600694701076
315000	0.14413321700703818351
316000	0.14630756599945016205
317000	0.14357519800250884145
318000	0.1474826689955079928
319000	0.14578304599854163826
320000	0.14823450800031423569
321000	0.14624844699574168772
322000	0.14875547400151845068
323000	0.14664484800596255809
324000	0.15067943600297439843
325000	0.1487508409918518737
326000	0.1505221630068263039
327000	0.14843653400021139532
328000	0.15377115999581292272
329000	0.14940335799474269152
330000	0.15228196998941712081
331000	0.1534833640034776181
332000	0.15368847199715673923
333000	0.15143064600124489516
334000	0.15636909900058526546
335000	0.15267521399073302746
336000	0.15555605899135116488
337000	0.15547955301008187234
338000	0.1566921279882080853
339000	0.15433011899585835636
340000	0.15888173000712413341
341000	0.16031611298967618495
342000	0.15869248501257970929
343000	0.15824313800840172917
344000	0.15954749699449166656
345000	0.15742903300269972533
346000	0.16265499700966756791
347000	0.15822976100025698543
348000	0.16143696899234782904
349000	0.16077394501189701259
350000	0.1633524859935278073
351000	0.16084154399868566543
352000	0.1642232189915375784
353000	0.16121164399373810738
354000	0.16470490599749609828
355000	0.16269889600516762584
356000	0.1655886810040101409
357000	0.16413400499732233584
358000	0.16528493599616922438
359000	0.16412687500996980816
360000	0.16757347500242758542
361000	0.16566454399435315281
362000	0.16731699900992680341
363000	0.16702309800893999636
364000	0.16795554400596302003
365000	0.16697716699854936451
366000	0.17086742600076831877
367000	0.16806120100955013186
368000	0.1707982669904595241
369000	0.16984063400013837963
370000	0.17138779199740383774
371000	0.17062324700236786157
372000	0.17292741598794236779
373000	0.17084124899702146649
374000	0.17480698900180868804
375000	0.17205891400226391852
376000	0.17555460100993514061
377000	0.17678766700555570424
378000	0.18136442200921010226
379000	0.17530942900339141488
380000	0.18745558299997355789
381000	0.17995953900390304625
382000	0.17931758500344585627
383000	0.17659435099631082267
384000	0.18083024700172245502
385000	0.1911843929992755875
386000	0.18285854200075846165
387000	0.18941021099453791976
388000	0.18731052399380132556
389000	0.18109207000816240907
390000	0.19769438100047409534
391000	0.19510007899953052402
392000	0.1830662069987738505
393000	0.18627659499179571867
394000	0.18391210099798627198
395000	0.18670885699975769967
396000	0.18291558699274901301
397000	0.18784028200025204569
398000	0.18447758399997837842
399000	0.18876823599566705525
400000	0.18439371300337370485
401000	0.18926270899828523397
402000	0.18613479100167751312
403000	0.19048697900143451989
404000	0.18615805500303395092
405000	0.19169164699269458652
406000	0.18759407899051439017
407000	0.19524375100445467979
408000	0.18883709100191481411
409000	0.19156738900346681476
410000	0.19201528199482709169
411000	0.1915473639965057373
412000	0.19316947499464731663
413000	0.1953452400048263371
414000	0.1953891809971537441
415000	0.19349755698931403458
416000	0.1927721099928021431
417000	0.1946323770098388195
418000	0.19399804998829495162
419000	0.19473083199409302324
420000	0.19575125900155398995
421000	0.1947424850077368319
422000	0.19694440599414519966
423000	0.19671333300357218832
424000	0.19823493300646077842
425000	0.19742314399627503008
426000	0.21225045699975453317
427000	0.20562135700311046094
428000	0.20936401399376336485
429000	0.20430656999815255404
430000	0.21457179798744618893
431000	0.2146156240050913766
432000	0.20152676200086716563
433000	0.20649106601194944233
434000	0.217355132001102902
435000	0.20406079800159204751
436000	0.20258756799739785492
437000	0.21795837899844627827
438000	0.21641906100558117032
439000	0.20489942800486460328
440000	0.20625720599491614848
441000	0.20561542699579149485
442000	0.20702753099612891674
443000	0.20611894399917218834
444000	0.2198020329960854724
445000	0.22239965999324340373
446000	0.20724885399977210909
447000	0.20785498899931553751
448000	0.20987106500251684338
449000	0.21003766100329812616
450000	0.20975745600298978388
451000	0.21091440999589394778
452000	0.21126718200684990734
453000	0.21160978100670035928
454000	0.21205595601350069046
455000	0.21233990600740071386
456000	0.21307327000249642879
457000	0.21351381599379237741
458000	0.21866002101160120219
459000	0.22373165599128697067
460000	0.23196367999480571598
461000	0.21965938499488402158
462000	0.23050571400381159037
463000	0.21686192299239337444
464000	0.21786271101154852659
465000	0.21776757300540339202
466000	0.2181474170065484941
467000	0.22052533100941218436
468000	0.22471043099358212203
469000	0.21976295000058598816
470000	0.22066502299276180565
471000	0.22000539800501428545
472000	0.22106615798838902265
473000	0.22124755899130832404
474000	0.22193157399306073785
475000	0.22358684100618120283
476000	0.22232754400465637445
477000	0.22427650900499429554
478000	0.22386488199117593467
479000	0.22572520299581810832
480000	0.22473118400375824422
481000	0.22645381398615427315
482000	0.22574399100267328322
483000	0.22754574200371280313
484000	0.22757714700128417462
485000	0.23133717599557712674
486000	0.22780543199041858315
487000	0.22867598499578889459
488000	0.22914190599112771451
489000	0.22945627399894874543
490000	0.23013400999479927123
491000	0.24743560299975797534
492000	0.24838571900909300894
493000	0.23356707599305082113
494000	0.23169964199769310653
495000	0.23297018298762850463
496000	0.23272213200107216835
497000	0.23479475399653892964
498000	0.23871624699677340686
499000	0.23635129199828952551
500000	0.23697999300202354789
501000	0.23844753199955448508
502000	0.23615063499892130494
503000	0.23848910800006706268
504000	0.23754156500217504799
505000	0.23890382799436338246
506000	0.23869348900916520506
507000	0.24088301800657063723
508000	0.23965129299904219806
509000	0.24142656500043813139
510000	0.2449379269964993
511000	0.25375375499424990267
512000	0.25356404799094889313
513000	0.24668130300415214151
514000	0.25271984899882227182
515000	0.24660690399468876421
