1000	7.0905996835790574551e-05
2000	0.00013170500460546463728
3000	0.00019319400598760694265
4000	0.00027027999749407172203
5000	0.00031983299413695931435
6000	0.00037318299291655421257
7000	0.00044224999146535992622
8000	0.00051589599752333015203
9000	0.0006563479983014985919
10000	0.00070506500196643173695
11000	0.00070993800181895494461
12000	0.0007585249986732378602
13000	0.00084754299314226955175
14000	0.00089241199020761996508
15000	0.00095567399694118648767
16000	0.0010502569930395111442
17000	0.0012158799945609644055
18000	0.0011547899921424686909
19000	0.001283687000977806747
20000	0.0012608090037247166038
21000	0.0013769840006716549397
22000	0.0014782200014451518655
23000	0.0014580500137526541948
24000	0.001534306997200474143
25000	0.001593649998540058732
26000	0.0021030169882578775287
27000	0.0017715180001687258482
28000	0.0017616529949009418488
29000	0.0018150000105379149318
30000	0.0019452830019872635603
31000	0.0019676640076795592904
32000	0.0020692410034826025367
33000	0.0026680330047383904457
34000	0.002741386007983237505
35000	0.0030259980121627449989
36000	0.0027781219978351145983
37000	0.0031165230029728263617
38000	0.0029942160035716369748
39000	0.0028920199983986094594
40000	0.0027858800021931529045
41000	0.0028164669929537922144
42000	0.0028140560025349259377
43000	0.0027601920010056346655
44000	0.0030547530041076242924
45000	0.0029414150048978626728
46000	0.0032819579937495291233
47000	0.003030769003089517355
48000	0.0030208480020519345999
49000	0.0031526689999736845493
50000	0.0035529779997887089849
51000	0.0038308009970933198929
52000	0.0033905320015037432313
53000	0.0034889539965661242604
54000	0.0033995150006376206875
55000	0.0036695130111183971167
56000	0.0035544239945011213422
57000	0.0037066950026201084256
58000	0.0036629450041800737381
59000	0.0038367029919754713774
60000	0.0038670709909638389945
61000	0.0039458539977204054594
62000	0.004096015996765345335
63000	0.0040133740112651139498
64000	0.0042437259980943053961
65000	0.0042703610088210552931
66000	0.0043654699984472244978
67000	0.0044470430002547800541
68000	0.0044311279925750568509
69000	0.0054649310040986165404
70000	0.0047286059998441487551
71000	0.0050191780028399080038
72000	0.0047178370004985481501
73000	0.0050711810035863891244
74000	0.0050149159942520782351
75000	0.0050841019983636215329
76000	0.0051670969987753778696
77000	0.005380303002311848104
78000	0.0060944760043639689684
79000	0.0067205820087110623717
80000	0.0067627679964061826468
81000	0.0067450849892338737845
82000	0.0062842880142852663994
83000	0.011328797991154715419
84000	0.0077283720020204782486
85000	0.0063313319988083094358
86000	0.0074361080041853711009
87000	0.0078415009920718148351
88000	0.0075936990033369511366
89000	0.0080862040049396455288
90000	0.0078209209896158427
91000	0.016555298003368079662
92000	0.0078844079980626702309
93000	0.0082338680076645687222
94000	0.0081632660003378987312
95000	0.0081626449973555281758
96000	0.0079777750070206820965
97000	0.0082203880010638386011
98000	0.0081899670040002092719
99000	0.0083762480062432587147
100000	0.0082861340051749721169
101000	0.0085904119914630427957
102000	0.0085777640051674097776
103000	0.034721438001724891365
104000	0.022766933005186729133
105000	0.019790935009950771928
106000	0.019177930007572285831
107000	0.0091748679988086223602
108000	0.012852366999140940607
109000	0.0099959969957126304507
110000	0.010087867005495354533
111000	0.027712790993973612785
112000	0.013687720012967474759
113000	0.028516088001197203994
114000	0.017779581990907900035
115000	0.024281186997541226447
116000	0.0098988180106971412897
117000	0.02568144300312269479
118000	0.0094998839922482147813
119000	0.0096056710026459768414
120000	0.0096645570010878145695
121000	0.0097177909919992089272
122000	0.013342860998818650842
123000	0.014996465994045138359
124000	0.019051021998166106641
125000	0.015681670003687031567
126000	0.012978325001313351095
127000	0.01228998300211969763
128000	0.012401215004501864314
129000	0.013468730001477524638
130000	0.016925653995713219047
131000	0.021969483001157641411
132000	0.010831658000824972987
133000	0.011020628007827326655
134000	0.013073476002318784595
135000	0.011549160000868141651
136000	0.010764569000457413495
137000	0.013861515995813533664
138000	0.011522038010298274457
139000	0.012505626000347547233
140000	0.016052420003688894212
141000	0.019727498001884669065
142000	0.01537906999874394387
143000	0.015844374996959231794
144000	0.013925311999628320336
145000	0.01301354799943510443
146000	0.013986064004711806774
147000	0.014077792991884052753
148000	0.014115487996605224907
149000	0.014237183000659570098
150000	0.01437048398656770587
151000	0.016159359001903794706
152000	0.014798972988501191139
153000	0.014836329995887354016
154000	0.015097765004611574113
155000	0.014912680999259464443
156000	0.01513422599236946553
157000	0.014535743001033551991
158000	0.015189412006293423474
159000	0.015200754991383291781
160000	0.01524433399026747793
161000	0.015264152985764667392
162000	0.015571210009511560202
163000	0.012366954004392027855
164000	0.010660251995432190597
165000	0.011246536989347077906
166000	0.01101920899236574769
167000	0.011093453998910263181
168000	0.011281426995992660522
169000	0.011341826000716537237
170000	0.011311428010230883956
171000	0.01136181900801602751
172000	0.016068654003902338445
173000	0.016573465996771119535
174000	0.016611230996204540133
175000	0.016737864003516733646
176000	0.016777580007328651845
177000	0.016268317005597054958
178000	0.017032064992235973477
179000	0.017437729009543545544
180000	0.017496026004664599895
181000	0.017440473005990497768
182000	0.016858365008374676108
183000	0.0175174769974546507
184000	0.017777396991732530296
185000	0.017668682994553819299
186000	0.017727394006215035915
187000	0.013659945994731970131
188000	0.012198702999739907682
189000	0.012597637003636918962
190000	0.012362433990347199142
191000	0.012435772005119360983
192000	0.012877104003564454615
193000	0.012651861004997044802
194000	0.017154683999251574278
195000	0.013709121994907036424
196000	0.013442478011711500585
197000	0.013641062003443948925
198000	0.014072356992983259261
199000	0.013675633003003895283
200000	0.013467844997649081051
201000	0.013144361000740900636
202000	0.013200819987105205655
203000	0.013343582002562470734
204000	0.013461713999276980758
205000	0.013429826009087264538
206000	0.013603082014014944434
207000	0.014869385995552875102
208000	0.014387903007445856929
209000	0.014232134009944275022
210000	0.014241775003029033542
211000	0.014458546997047960758
212000	0.014453533993219025433
213000	0.014482779006357304752
214000	0.014117581988102756441
215000	0.014168775989674031734
216000	0.014289797007222659886
217000	0.014692373006255365908
218000	0.014334182997117750347
219000	0.014426857000216841698
220000	0.014999429011368192732
221000	0.01497683800698723644
222000	0.015072161986608989537
223000	0.014993493998190388083
224000	0.015861649997532367706
225000	0.020747550996020436287
226000	0.020081603011931292713
227000	0.019361180005944333971
228000	0.019620222999947145581
229000	0.01961154300079215318
230000	0.01930579000327270478
231000	0.019198659007088281214
232000	0.019074954994721338153
233000	0.018297094997251406312
234000	0.01639244800026062876
235000	0.016331393999280408025
236000	0.016330515005392953753
237000	0.016669293006998486817
238000	0.016252556000836193562
239000	0.016864762990735471249
240000	0.016085601993836462498
241000	0.01616714999545365572
242000	0.016112390003399923444
243000	0.016168987000128254294
244000	0.016358681008568964899
245000	0.017611119998036883771
246000	0.01667893299600109458
247000	0.017186962999403476715
248000	0.017007673988700844347
249000	0.017083023005397990346
250000	0.01697401299315970391
251000	0.017742826996254734695
252000	0.016736124001909047365
253000	0.016842801007442176342
254000	0.016872197011252865195
255000	0.017008563998388126493
256000	0.018018433998804539442
257000	0.017994175999774597585
258000	0.017570367010193876922
259000	0.01828500100236851722
260000	0.018180453000240959227
261000	0.018046978002530522645
262000	0.017883006003103218973
263000	0.017456287008826620877
264000	0.017639537996728904545
265000	0.01766856999893207103
266000	0.017915714997798204422
267000	0.018143865992897190154
268000	0.019256061001215130091
269000	0.018418174004182219505
270000	0.018692850004299543798
271000	0.018901686999015510082
272000	0.019347207999089732766
273000	0.018826013008947484195
274000	0.018379537999862805009
275000	0.018477381003322079778
276000	0.018556914001237601042
277000	0.019489375001285225153
278000	0.018653473001904785633
279000	0.01983893600117880851
280000	0.019551645993487909436
281000	0.019379010002012364566
282000	0.01956577599048614502
283000	0.019643221006845124066
284000	0.019198604000848717988
285000	0.019132847999571822584
286000	0.019062218998442403972
287000	0.019357393000973388553
288000	0.01911528600612655282
289000	0.019604928005719557405
290000	0.020396915002493187785
291000	0.02024635800626128912
292000	0.019834942999295890331
293000	0.019985153005109168589
294000	0.019892802010872401297
295000	0.019534607010427862406
296000	0.019898529004422016442
297000	0.020097044995054602623
298000	0.020368357989354990423
299000	0.021695986011764034629
300000	0.021475065004779025912
301000	0.021892320000915788114
302000	0.021677042008377611637
303000	0.020952236998709850013
304000	0.022616105998167768121
305000	0.02938195900060236454
306000	0.020843892008997499943
307000	0.02083367400337010622
308000	0.021267945005092769861
309000	0.02091452399326954037
310000	0.021341576008126139641
311000	0.021369676993344910443
312000	0.02127125200058799237
313000	0.021018672006903216243
314000	0.021384150997619144619
315000	0.021184777986491099
316000	0.021179696006583981216
317000	0.021240182002657093108
318000	0.022169703006511554122
319000	0.021699616001569665968
320000	0.021539409004617482424
321000	0.021737795992521569133
322000	0.021638318998157046735
323000	0.021552058999077416956
324000	0.021771674000774510205
325000	0.021690110996132716537
326000	0.021560225010034628212
327000	0.02179141099622938782
328000	0.022186829010024666786
329000	0.022293810994597151875
330000	0.022147184005007147789
331000	0.022201631989446468651
332000	0.022354373999405652285
333000	0.022144554008264094591
334000	0.022196484991582110524
335000	0.022417467989725992084
336000	0.023117677003028802574
337000	0.022801016995799727738
338000	0.023424051003530621529
339000	0.023072383992257528007
340000	0.02346657401358243078
341000	0.022810017006122507155
342000	0.022955259002628736198
343000	0.023025290007353760302
344000	0.023029536998365074396
345000	0.024277015007100999355
346000	0.023839935005526058376
347000	0.024169669006369076669
348000	0.02375807499629445374
349000	0.023498818991356529295
350000	0.023387805005768314004
351000	0.023385533000691793859
352000	0.023473816996556706727
353000	0.023477185008232481778
354000	0.024797103993478231132
355000	0.024125116004142910242
356000	0.024261124999611638486
357000	0.024199246996431611478
358000	0.023735889990348368883
359000	0.023792234002030454576
360000	0.023752787004923447967
361000	0.023931321993586607277
362000	0.023964898005942814052
363000	0.025311868012067861855
364000	0.02457570000842679292
365000	0.025650868992670439184
366000	0.024936058995081111789
367000	0.024447246993076987565
368000	0.024420661997282877564
369000	0.024465909998980350792
370000	0.025471663990174420178
371000	0.024670648010214790702
372000	0.025825072996667586267
373000	0.02571080499910749495
374000	0.025296399006037972867
375000	0.024928026003181003034
376000	0.025336470003821887076
377000	0.025100041006226092577
378000	0.025583422000636346638
379000	0.025929751995136030018
380000	0.02593301299202721566
381000	0.026188708987319841981
382000	0.02545130498765502125
383000	0.025443902995903044939
384000	0.026544578999164514244
385000	0.025641971005825325847
386000	0.032139849994564428926
387000	0.031547612001304514706
388000	0.026649994004401378334
389000	0.026402438001241534948
390000	0.025928649993147701025
391000	0.025908042996888980269
392000	0.025888182994094677269
393000	0.025948327005608007312
394000	0.027705864005838520825
395000	0.026925932994345203042
396000	0.027017633998184464872
397000	0.026780624000821262598
398000	0.026556540004094131291
399000	0.026612645990098826587
400000	0.026805909001268446445
401000	0.027310587000101804733
402000	0.028429162004613317549
403000	0.027683744003297761083
404000	0.027614470993285067379
405000	0.027804344994365237653
406000	0.027367702990886755288
407000	0.027534898996236734092
408000	0.0276463620102731511
409000	0.027697130994056351483
410000	0.029192675996455363929
411000	0.028414025000529363751
412000	0.028455596999265253544
413000	0.028048143998603336513
414000	0.028113533000578172505
415000	0.02808150899363681674
416000	0.029854767999495379627
417000	0.028844653003034181893
418000	0.029408186004729941487
419000	0.028858267003670334816
420000	0.028506832008133642375
421000	0.028441973001463338733
422000	0.028571000992087647319
423000	0.02955633500823751092
424000	0.029046491006738506258
425000	0.029050108001683838665
426000	0.029171946996939368546
427000	0.028856852994067594409
428000	0.029164551990106701851
429000	0.029079157990054227412
430000	0.029572749001090414822
431000	0.029550164996180683374
432000	0.029680804000236093998
433000	0.029706756991799920797
434000	0.029491203997167758644
435000	0.02987372499774210155
436000	0.029682387001230381429
437000	0.030281468003522604704
438000	0.030641435005236417055
439000	0.030159668996930122375
440000	0.030302541999844834208
441000	0.030115835004835389555
442000	0.03032515599625185132
443000	0.030304373998660594225
444000	0.031508489992120303214
445000	0.030958374991314485669
446000	0.030661051991046406329
447000	0.030779851003899239004
448000	0.030703954995260573924
449000	0.030695345005369745195
450000	0.030707165002240799367
451000	0.031749029003549367189
452000	0.031430088987690396607
453000	0.031500205994234420359
454000	0.031405333007569424808
455000	0.031134454009588807821
456000	0.031104325011256150901
457000	0.031193248010822571814
458000	0.032422543998109176755
459000	0.031820844989852048457
460000	0.0316576329933013767
461000	0.031412691008881665766
462000	0.031579393995343707502
463000	0.031690679999883286655
464000	0.03174531499098520726
465000	0.032482946000527590513
466000	0.032870313007151708007
467000	0.032248050003545358777
468000	0.032306190987583249807
469000	0.032495316001586616039
470000	0.032715522000216878951
471000	0.032763408002210780978
472000	0.033091719989897683263
473000	0.032932228001300245523
474000	0.033003399992594495416
475000	0.032699525007046759129
476000	0.032924736005952581763
477000	0.033908766010426916182
478000	0.03323760500643402338
479000	0.033384363996447063982
480000	0.033419510000385344028
481000	0.03450603800592944026
482000	0.033326206001220270991
483000	0.033661559995380230248
484000	0.033741794992238283157
485000	0.033743013002094812691
486000	0.033841422002296894789
487000	0.033991692005656659603
488000	0.033735336008248850703
489000	0.033938473003217950463
490000	0.034007638998446054757
491000	0.034504066003137268126
492000	0.033955349994357675314
493000	0.034213350998470559716
494000	0.034212669008411467075
495000	0.034677154006203636527
496000	0.034447769998223520815
497000	0.034558076004032045603
498000	0.0347513849992537871
499000	0.034685402002651244402
500000	0.034666128005483187735
501000	0.035155404999386519194
502000	0.035218525998061522841
503000	0.035079684996162541211
504000	0.035064073992543853819
505000	0.034881494997534900904
506000	0.035303868993651121855
507000	0.035515247000148519874
508000	0.035984468995593488216
509000	0.036053018993698060513
510000	0.040232694998849183321
