Durchgang 1-> 8 11 18 22 23 30 44 63 64 98
1	9.9e-05
Durchgang 2-> 8 11 18 22 23 30 44 63 64 98
2	2.4e-05
Durchgang 3-> 8 11 18 22 23 30 44 63 64 98
3	2.1e-05
Durchgang 4-> 8 11 18 22 23 30 44 63 64 98
4	4.5e-05
Durchgang 5-> 8 11 18 22 23 30 44 63 64 98
5	2.5e-05
Durchgang 6-> 8 11 18 22 23 30 44 63 64 98
6	5.3e-05
Durchgang 7-> 8 11 18 22 23 30 44 63 64 98
7	2.5e-05
Durchgang 8-> 8 11 18 22 23 30 44 63 64 98
8	2.7e-05
Durchgang 9-> 8 11 18 22 23 30 44 63 64 98
9	4.4e-05
 8 11 18 22 23 30 44 63 64 98
Finished in :0.000363 sec
