Durchgang 1-> 8 11 18 22 23 30 44 63 64 98
1	0.000128
Durchgang 2-> 8 11 18 22 23 30 44 63 64 98
2	1.4e-05
Durchgang 3-> 8 11 18 22 23 30 44 63 64 98
3	1.3e-05
Durchgang 4-> 8 11 18 22 23 30 44 63 64 98
4	1.2e-05
Durchgang 5-> 8 11 18 22 23 30 44 63 64 98
5	3.6e-05
Durchgang 6-> 8 11 18 22 23 30 44 63 64 98
6	4.3e-05
Durchgang 7-> 8 11 18 22 23 30 44 63 64 98
7	4.3e-05
Durchgang 8-> 8 11 18 22 23 30 44 63 64 98
8	2.2e-05
Durchgang 9-> 8 11 18 22 23 30 44 63 64 98
9	2.5e-05
 8 11 18 22 23 30 44 63 64 98
Finished in :0.000336 sec
