2	0.0053348659998846414965
3	0.0050100359999305510428
4	0.0035636570000860956497
5	0.0046181919997252407484
6	0.0034278829998584114946
7	0.0045735619996776222251
8	0.0032315349999407771975
9	0.0027874409997821203433
10	0.0026789450002979720011
11	0.0025117129998761811294
12	0.0040146660003301803954
13	0.0059232339999653049745
14	0.0057568759998503082898
15	0.0030697859997417253908
16	0.0026970210001309169456
17	0.0028406209999047860038
18	0.0033233770000151707791
19	0.0038599370000156341121
20	0.0032863860001270950306
21	0.0028227790003256814089
22	0.0034491930000513093546
23	0.0027870630001416429877
24	0.0028430060001483070664
25	0.0027195009997740271501
26	0.0031012190002002171241
27	0.0028210479999870585743
28	0.0030024220000086643267
29	0.0031471379998038173653
30	0.0030380169996533368248
31	0.0028362319999359897338
32	0.0032518160001018259209
33	0.0031531620002169802319
34	0.003397061000214307569
35	0.0030387520000658696517
36	0.0031422649999512941577
37	0.0016528209998796228319
38	0.0027099310000266996212
39	0.0029366200001277320553
40	0.0034620399997038475703
41	0.0031064820000210602302
42	0.0027289409999866620637
43	0.0027608430000327643938
44	0.002730706999955145875
45	0.0027170489997843105812
46	0.0027165390001755440608
47	0.0051889129999835859053
48	0.0027902800002266303636
49	0.0028168779999759863131
50	0.0018782800002554722596
51	0.0033751529999790363945
52	0.0035085819999949308112
53	0.0030430249998971703462
54	0.0028648460001932107843
55	0.002858528000160731608
56	0.0028741689998241781723
57	0.0028623619996324123349
58	0.02296815199997581658
59	0.0058353099998385005165
60	0.0039691749998382874765
61	0.0044957810000596509781
62	0.0037573049999082286377
63	0.0033423690001654904336
64	0.0056095410000125411898
65	0.0097801560000334575307
66	0.011146286999974108767
67	0.0065009989998543460388
68	0.0046009389998289407231
69	0.0016468240000904188491
70	0.010309290999884979101
71	0.0050223010002810042351
72	0.01217407900003308896
73	0.0085033980003572651185
74	0.0054492599997502111364
75	0.0038862639999024395365
76	0.0037835580001228663605
77	0.0040570829996795509942
78	0.0053633580000678193755
79	0.0023019950003799749538
80	0.0066637190002438728698
81	0.005948259999968286138
82	0.0062587729998995200731
83	0.0029982750002091052011
84	0.012446711999928083969
85	0.0053725950001535238698
86	0.0033706179997352592181
87	0.0098100079999312583823
88	0.029486297999937960412
89	0.0035707080000975111034
90	0.002475879000030545285
91	0.0037963899999340355862
92	0.0017188189999615133274
93	0.0064163859997279359959
94	0.0017052179996426275466
95	0.0029967410000608651899
96	0.0070719159998589020688
97	0.0032214049997492111288
98	0.0027942930000790511258
99	0.0068547179998859064654
100	0.0058510980002210999373
101	0.0059288980000928859226
102	0.0049367860001439112239
103	0.0039901519999148149509
104	0.0040676220000932516996
105	0.0040654270001141412649
106	0.004012380999938613968
107	0.0078014620003159507178
108	0.0043343100001038692426
109	0.0037075810000715136994
110	0.0047468039997511368711
111	0.0052170760000080917962
112	0.012289640999824769096
113	0.0057021090001398988534
114	0.0042826519998016010504
115	0.0030125670000415993854
116	0.0030129130000204895623
117	0.0030418480000662384555
118	0.0033831549999376875348
119	0.0076537360000656917691
120	0.012060843000199383823
121	0.0053957589998390176333
122	0.00610114399978556321
123	0.0036204530001668899786
124	0.0035742330001085065305
125	0.0059737569999924744479
126	0.0095165439997799694538
127	0.0048668220001673034858
128	0.0056748179999885906
129	0.0044822309996561671142
130	0.0044453119999161572196
131	0.0046413649997703032568
132	0.0041582670000934740528
133	0.0025145780000457307324
134	0.0041963620001297385897
135	0.0053346649997365602758
136	0.0043000979999305855017
137	0.0060328010004013776779
138	0.0069747669999742356595
139	0.0049670229996081616264
140	0.004791614000168920029
141	0.0042695409997577371541
142	0.005282129000079294201
143	0.0041352969997205946129
144	0.0043212280002080660779
145	0.0040305329998773231637
146	0.0064175830002568545751
147	0.005138272999829496257
148	0.0053514249998443119694
149	0.0051687299996956426185
150	0.0051890309996451833285
151	0.005302942000071197981
152	0.0052459189996625354979
153	0.0046282130001600307878
154	0.0046585310001319157891
155	0.004848521999974764185
156	0.0038435750002463464625
157	0.0038043700001253455412
158	0.0038129639997350750491
159	0.0039042200000949378591
160	0.0040420330001325055491
161	0.0048544770002081349958
162	0.0051405780000095546711
163	0.0026100999998561746906
164	0.0035965120000582828652
165	0.0035654389998853730503
166	0.0036866989998998178635
167	0.0037758660000690724701
168	0.0037068070000714214984
169	0.003660859999854437774
170	0.0036707289996229519602
171	0.0037407940003504336346
172	0.0037310059997253119946
173	0.003751509999801783124
174	0.0038879320004525652621
175	0.0039165749999483523425
176	0.0040182550001190975308
177	0.0038942959999985760078
178	0.0098499229998196824454
179	0.0065103599999929429032
180	0.0072700139999142265879
181	0.007817171999704441987
182	0.0064196500002253742423
183	0.009427931000118405791
184	0.0086436619999403774273
185	0.0048482719998901302461
186	0.0070206469999902765267
187	0.0077965079999557929114
188	0.0067477339998731622472
189	0.0067741259999820613302
190	0.0090451200003371923231
191	0.0073933270000452466775
192	0.0075038479999420815147
193	0.0066177310000057332218
194	0.0085572989996762771625
195	0.0047138700001596589573
196	0.005756035999638697831
197	0.0068031490000066696666
198	0.023998023999865836231
199	0.0046903239999664947391
200	0.0058255659996575559489
201	0.0067085519999636744615
202	0.0043912639998779923189
203	0.0064493939999010763131
204	0.0068184189999556110706
205	0.0058993539996663457714
206	0.014220004999970115023
207	0.0068640879999293247238
208	0.00999232000003758003
209	0.011193931999969208846
210	0.011257206000209407648
211	0.011689236999700369779
212	0.0097580980000202544034
213	0.0064100489998963894323
214	0.0069859409995842725039
215	0.0065649580001263529994
216	0.006135522000022319844
217	0.0057261040001321816817
218	0.0056531579998591041658
219	0.0045825150000382564031
220	0.0048246619999190443195
221	0.0051110330000483372714
222	0.0050541099999463767745
223	0.0051606489996629534289
224	0.0063013260000843729358
225	0.0084103379999760363717
226	0.004544022000118275173
227	0.0053256289997989370022
228	0.0052918229998795141
229	0.0056560510001872899011
230	0.0061968939999132999219
231	0.0058157309999842254911
232	0.0055313899997599946801
233	0.0061325379997470008675
234	0.0052564520001396886073
235	0.0058440950001568126027
236	0.0053392109998640080448
237	0.0048370069998782128096
238	0.0063120970003183174413
239	0.0053896479998911672737
240	0.006041025000286026625
241	0.0071614779999435995705
242	0.0058874649998870154377
243	0.0053555690001303446479
244	0.0054548450002585013863
245	0.005575271999987307936
246	0.0055509730000267154537
247	0.0057894090000445430633
248	0.0058695950001492747106
249	0.0056879950002439727541
250	0.0057707690002644085325
251	0.0058013410002786258701
252	0.0059935910003332537599
253	0.0070146539997040235903
254	0.0058182050001960305963
255	0.0064088369999808492139
256	0.010415221000130259199
257	0.0061226120001265371684
258	0.0061570200000460317824
259	0.0066284250001444888767
260	0.0098011750001205655281
261	0.006818881000071996823
262	0.0066784779996851284523
263	0.0069601360000888234936
264	0.0072140020001825178042
265	0.0070576089997302915435
266	0.0070500159999937750399
267	0.0083198769998489296995
268	0.0074582649999683781061
269	0.0074965620001421484631
270	0.0074507279996396391653
271	0.0080042969998430635314
272	0.0086689730001126008574
273	0.0081532280000828905031
274	0.0077275150001696601976
275	0.0078975279998303449247
276	0.0081077210002149513457
277	0.0077171859998088621069
278	0.0081433139998807746451
279	0.0081828890001816034783
280	0.0082719429997268889565
281	0.008329118000347079942
282	0.0087462129999948956538
283	0.0085353599997688434087
284	0.008897717999843735015
285	0.009468135000133770518
286	0.0090453570001045591198
287	0.010473929999989195494
288	0.012509450999914406566
289	0.0093519500001093547326
290	0.01063732300008268794
291	0.0097529630002100020647
292	0.010938232000171410618
293	0.010080022000238386681
294	0.009829781000007642433
295	0.010338767000121151796
296	0.010161659000004874542
297	0.0099002869997093512211
298	0.0099820639998142723925
299	0.0099516010000115784351
300	0.010547134000262303744
301	0.010236140999950293917
302	0.011583487999814678915
303	0.011093853999682323774
304	0.013851324000370368594
305	0.011689421000028232811
306	0.011374660000001313165
307	0.012420085999565344537
308	0.011784039999838569202
309	0.011043201000120461686
310	0.010292095000295375939
311	0.011649510999632184394
312	0.011840588000268326141
313	0.012134744000377395423
314	0.01191400900006556185
315	0.01087915600010092021
316	0.012174824999874545028
317	0.011901759000011224998
318	0.013565528000071935821
319	0.013125340999977197498
320	0.015229994000037549995
321	0.014059070999792311341
322	0.01332968399992751074
323	0.013549211000281502493
324	0.013581164999777683988
325	0.013756936999925528653
326	0.013427252999917982379
327	0.013812632999815832591
328	0.013569517000178166199
329	0.014015401000051497249
330	0.014418039000247517833
331	0.014260941999964416027
332	0.015510481000092113391
333	0.016464253999856737209
334	0.015110083999843482161
335	0.014998045000083948253
336	0.017010391999974672217
337	0.015808146999916061759
338	0.014949776000321435276
339	0.015665662000174052082
340	0.014151905000289843883
341	0.015947920000144222286
342	0.015788456999871414155
343	0.016004827000415389193
344	0.016462027999750716845
345	0.017456374000175856054
346	0.017045211000095150666
347	0.017597537000256124884
348	0.017222112000126799103
349	0.019111754999812546885
350	0.017555125000399129931
351	0.017349316000036196783
352	0.018402229000002989778
353	0.017699736999929882586
354	0.016597643999830324901
355	0.018913305999831209192
356	0.019070565999754762743
357	0.018922180999652482569
358	0.019088428000031854026
359	0.017140319999725761591
360	0.018835417999980563764
361	0.019417171999975835206
362	0.019496577000154502457
363	0.02009090699993976159
364	0.023458909000055427896
365	0.023316383999826939544
366	0.02575381500037110527
367	0.02337557099963305518
368	0.030744337999749404844
369	0.03405951600007028901
370	0.025429931999951804755
371	0.016761410000071919058
372	0.019844137999825761653
373	0.031506373999945935793
374	0.022863504000270040706
375	0.037635624999893479981
376	0.023674661999848467531
377	0.023029198000131145818
378	0.033244459999878017697
379	0.03380594400005065836
380	0.03167877699979726458
381	0.041771383000195783097
382	0.030569348000426543877
383	0.027570270000069285743
384	0.043435540999780641869
385	0.028938523000306304311
386	0.050442900000234658364
387	0.030963982000230316771
388	0.054944285000146919629
389	0.034325570999953924911
390	0.041412866999962716363
391	0.034145022999837237876
392	0.035419598000316909747
393	0.057298446999993757345
394	0.035133493000103044324
395	0.022976555000241205562
396	0.050206233000153588364
397	0.033665699999801290687
398	0.03756015899989506579
399	0.050169545999779074918
400	0.037155160000111209229
401	0.039442575000066426583
402	0.02981295300014608074
403	0.021809315999689715682
404	0.030768779000027279835
405	0.044339491000300768064
406	0.043863598999905661913
407	0.036180941000111488393
408	0.038600118999966070987
409	0.038552336000066134147
410	0.031888866999906895217
411	0.042056774999764456879
412	0.036379946000124618877
413	0.035133748000134801259
414	0.038715944999694329454
415	0.032847491000211448409
416	0.052286480000020674197
417	0.02985974199964402942
418	0.088543610999749944312
419	0.043987630999708926538
420	0.026474301999769522808
421	0.036072793000130332075
422	0.044769140999960654881
423	0.041688767000323423417
424	0.044375339999987772899
425	0.026999032999810879119
426	0.038422668999828601955
427	0.049101366999821038917
428	0.081848138999703223817
429	0.043544910000036907149
430	0.032354191000194987282
431	0.036572815999988961266
432	0.034545501000138756353
433	0.045582090999687352451
434	0.085840944000210583908
435	0.063606839999920339324
436	0.069161312000233010622
437	0.029510040999866760103
438	0.030986618000042653875
439	0.049697279000156413531
440	0.054044574999807082349
441	0.061063830999955825973
442	0.048169138000048405956
443	0.041831312999875081005
444	0.12624188099971433985
445	0.050081252999916614499
446	0.052161127999625023222
447	0.051051428000391751993
448	0.049209060000066529028
449	0.04658208199998625787
450	0.055061168000065663364
451	0.0430120199998782482
452	0.048434664000069460599
453	0.047360101999856851762
454	0.03819557799988615443
455	0.038991389999864622951
456	0.056697959999837621581
457	0.040112558999680913985
458	0.058640301999730581883
459	0.054310691999944538111
460	0.042216437999741174281
461	0.044586571999843727099
462	0.036704758999803743791
463	0.075334555000154068694
464	0.055283358999986376148
465	0.062048812999819347169
466	0.058445081999707326759
467	0.050031159999889496248
468	0.070427939000182959717
469	0.052978894000261789188
470	0.046726525999929435784
471	0.055037428000105137471
472	0.061574157999984890921
473	0.061202413000046362868
474	0.058842123999966133852
475	0.046269918999769288348
476	0.051993863000006967923
477	0.060785499999838066287
478	0.047046904000126232859
479	0.056580427999961102614
480	0.065424649999840767123
481	0.057268436999947880395
482	0.05197559699990961235
483	0.04265027400015242165
484	0.044045979000202351017
485	0.050507119000030797906
486	0.0489929850000407896
487	0.060001807999924494652
488	0.060841489000267756637
489	0.064825721000033809105
490	0.063529958000344777247
491	0.059847542000170506071
492	0.067983878000177355716
493	0.063224693999927694676
494	0.056800732000283460366
495	0.065995632000067416811
496	0.074443559999963326845
497	0.061187505999896529829
498	0.060159328000281675486
499	0.064820076000160042895
500	0.11214167400021324283
501	0.073525060000065423083
502	0.048912319999999454012
503	0.066221333000157756032
504	0.090485272000023542205
505	0.066882740000437479466
506	0.076498898999943776289
507	0.10673591099975965335
508	0.052249695000227802666
509	0.049144955999963713111
510	0.072300119999908929458
511	0.076673044000017398503
512	0.10368704599977718317
513	0.081097926999973424245
514	0.068466315000023314497
515	0.094396980000055918936
516	0.091817444999833242036
517	0.096080237000023771543
518	0.12772154300000693183
519	0.095765620000292983605
520	0.1086183920001531078
521	0.13400430399997276254
522	0.13140987099995982135
523	0.16878409399987504003
524	0.16020941799979482312
525	0.17530136499999571242
526	0.16842311500022333348
527	0.20345926299978600582
528	0.15125065999973230646
529	0.19483918300011282554
530	0.18582903700007591397
531	0.17783017900001141243
532	0.37580463900030736113
533	0.19738697200000387966
534	0.21351311699982034042
535	0.26880470700007208507
536	0.19114454200007457985
537	0.22641774699968664208
538	0.22683821999999054242
539	0.24809122599981492385
540	0.27594449900016115862
541	0.25121397900011288584
542	0.21179136199998538359
543	0.22365614599993932643
544	0.26511145199992824928
545	0.27465632900020864327
546	0.28394918999993024045
547	0.27636385699997845222
548	0.30256070899986298173
549	0.27582412299989300664
550	0.30496842499997001141
551	0.53734072900033424958
552	0.2623456299997997121
553	0.30751469500000894186
554	0.302932421000150498
555	0.28878278599995610421
556	0.30073023600016313139
557	0.3214583109997874999
558	0.27875674200004141312
559	0.33163857199997437419
560	0.40545207200011645909
561	0.31058062800002517179
562	0.32659653599966986803
563	0.32458639600008609705
564	0.37654054399990855018
565	0.54541928900016500847
566	0.39327443699994546478
567	0.39935286499985522823
568	0.33157285500010402757
569	0.37810375600020051934
570	0.48939183799984675716
571	0.38401698200004830142
572	0.36446990400008871802
573	0.38777355699994586757
574	0.37436347000038949773
575	0.54930836599987742375
576	0.4745416060000025027
577	0.43551894500023990986
578	0.3584441499997410574
579	0.35990466499970352743
580	0.5128371079999851645
581	0.38876242200012711692
582	0.36782160700022359379
583	0.36169634999987465562
584	0.35487982999984524213
585	0.49658626300015384913
586	0.38099105900028007454
587	0.39898166400007539778
588	0.4321625089996814495
589	0.39247121200014589704
590	0.40345507000029101619
591	0.48251694700002190075
592	0.44572821100018700236
593	0.46773484700042899931
594	0.48810928199964109808
595	0.42021942900009889854
596	0.48361171900023691705
597	0.45409959300013724715
598	0.42592612800035567489
599	0.46747249100008048117
600	0.46580423800014614244
601	0.53935103499998149346
602	0.47752335099994525081
603	0.50245121699981609709
604	0.55728211899986490607
605	0.48811539000007542199
606	0.53952517400011856807
607	0.55274795100012852345
608	0.49562199599995437893
609	0.5254502530001445848
610	0.48707975200022701756
611	0.51349858799994763103
612	0.54524641299985887599
613	0.48791242599963879911
614	0.54645165400006590062
615	0.54120076899971536477
616	0.52922888200009765569
617	0.63339419299973087618
618	0.5727236820002872264
619	0.50270912799987854669
620	0.55321709800000462565
621	0.5475052810002125625
622	0.55460189799987347214
623	0.57190695999997842591
624	0.62496085200018569594
625	0.54965173600021444145
626	0.54723847199966257904
627	0.55649109800015139626
628	0.5334770939998634276
629	0.60904496500006644055
630	0.61530628599984993343
631	0.56741752699963399209
632	0.58244195299994316883
633	0.54210196399981214199
634	0.58906826499969611177
635	0.60743261500010703458
636	0.5953944220000266796
637	0.63125869199984663283
638	0.61885074600013467716
639	0.61750399899983676733
640	0.72189795800022693584
641	0.68510276000006342656
642	0.64186557399989396799
643	0.56494209700031206012
644	0.66326144999993630336
645	0.67768806399999448331
646	0.66500479700016512652
647	0.72712914899966563098
648	0.64892792000000554253
649	0.7286646640000071784
650	0.67423738799971033586
651	0.59299204500030100462
652	0.67646148900030311779
653	0.68586572599997452926
654	0.69211062500016851118
655	0.6927315640000415442
656	0.63156769099987286609
657	0.69733032400017691543
658	0.73542168499989202246
659	0.68214184899989049882
660	0.7131191550001858559
661	0.70932996999999886611
662	0.7485755790003167931
663	0.70930270999997446779
664	0.78684942200015939306
665	0.72194050899997819215
666	0.77161405300012120279
667	0.75929606999989118776
668	0.71948126500001308159
669	0.72946848499987027026
670	0.76925687999982983456
671	0.69132967599989569862
672	0.76970360800032722182
673	0.76877665100028025336
674	0.8040721009997469082
675	0.79619944300020506489
676	0.79163211000013689045
677	0.78631899700030771783
678	0.80869994199974826188
679	0.74469403600005534827
680	0.81009932000006301678
681	0.81241420200012726127
682	0.84180209499982083798
683	0.7536925290000908717
684	0.87585958499994376325
685	0.79580675600027461769
686	0.76383740100027353037
687	0.85604727700001603807
688	0.88314957400007187971
689	0.84901037000008727773
690	0.89265633000013622222
691	0.90952110400030505843
692	0.89623335099986434216
693	0.85515611999971952173
694	0.87304686099969330826
695	0.91110426300019753398
696	0.82486427100002401858
697	0.80843668399984380812
698	0.86655790099985097186
699	0.89829600199982451159
700	0.89618525200012300047
701	0.79153690400016785134
702	0.88913837000018247636
703	0.9798904950002906844
704	0.9915008319999287778
705	0.79133364800009076134
706	0.89689109799974175985
707	0.92524005099994610646
708	0.94920261000015671016
709	0.95290762600006928551
710	0.94897420299957957468
711	0.86907609199988655746
712	0.94693351799969605054
713	0.90247482100039633224
714	0.939925139000024501
715	0.99386470499985080096
716	0.94200637099993400625
717	0.92166993399996499647
718	0.9388702950000151759
719	1.0566669539998656546
720	1.1069071290003194008
721	1.0005183469997973589
722	0.96567056599997158628
723	1.0329272899998613866
724	0.87041957299970817985
725	0.80709536699987438624
726	1.0486526310000954254
727	1.1081782139999631909
728	1.044722483999976248
729	1.0929096659997412644
730	1.1480901270001595549
731	1.059581245000117633
732	1.002027379000082874
733	1.1234946820000004664
734	1.1921696029999111488
735	1.1032488069999999425
736	1.0770205350004289357
737	1.0133370600001398998
738	1.0300266600002032646
739	1.1290739590003795456
740	1.1389823039999100729
741	1.134674572000221815
742	1.2483651559996360447
743	1.1044671310000921949
744	1.101858030000130384
745	1.0471108799997637107
746	1.1783725739996953052
747	1.1924379470001440495
748	1.1838076270000783552
749	1.0415864359997613064
750	1.1919923380000909674
751	1.1722287889997460297
752	1.2172844219999205961
753	1.1539980689999538299
754	1.1960717199999635341
755	1.2358669449999979406
756	1.2530605050001213385
757	1.2060366899995642598
758	1.2469438110001647146
759	1.2733726199994634953
760	0.99355485599971871125
761	1.0726084660000196891
762	1.0231118250003419234
763	1.1050089929995010607
764	1.268558329000370577
765	1.093099115999393689
766	1.0578546130000177072
767	1.1224154680003266549
768	1.0592206940000323812
769	1.0555353589998048847
770	1.1167879049999100971
771	1.1391843519995745737
772	1.1847911670001849416
773	1.2120599270001548575
774	1.1065484390001074644
775	1.1497285460000057356
776	1.0915546080004787655
777	1.1285493969999151886
778	1.1738011880006524734
779	1.1737043270004505757
780	1.1385881220003284398
781	1.1534743640004307963
782	1.1553668130000005476
783	1.1793686890005119494
784	1.2574810229998547584
785	1.1736892030003218679
786	1.1821067350001612795
787	1.1843675420004728949
788	1.2150041929999133572
789	1.0812484889993356774
790	1.124389370999779203
791	1.2195377389998611761
792	1.1968714909999107476
793	1.2256646509995334782
794	1.2574645709992182674
795	1.2884824920001847204
796	1.251033602000461542
797	1.321018198000274424
798	1.2674107680004453869
799	1.1837807499996415572
800	1.2745919720000529196
