Heap Sort:
Durchlauf 1000 94 44 30 22 64 63 11 23 8 18
Durchlauf 2000 94 44 30 22 64 63 11 23 8 18
Durchlauf 3000 94 44 30 22 64 63 11 23 8 18
Durchlauf 4000 94 44 30 22 64 63 11 23 8 18
Durchlauf 5000 94 44 30 22 64 63 11 23 8 18
Durchlauf 6000 94 44 30 22 64 63 11 23 8 18
Durchlauf 7000 94 44 30 22 64 63 11 23 8 18
Durchlauf 8000 94 44 30 22 64 63 11 23 8 18
Durchlauf 9000 94 44 30 22 64 63 11 23 8 18
Durchlauf 10000 94 44 30 22 64 63 11 23 8 18
Durchlauf 11000 94 44 30 22 64 63 11 23 8 18
Durchlauf 12000 94 44 30 22 64 63 11 23 8 18
Durchlauf 13000 94 44 30 22 64 63 11 23 8 18
Durchlauf 14000 94 44 30 22 64 63 11 23 8 18
Durchlauf 15000 94 44 30 22 64 63 11 23 8 18
Durchlauf 16000 94 44 30 22 64 63 11 23 8 18
Durchlauf 17000 94 44 30 22 64 63 11 23 8 18
Durchlauf 18000 94 44 30 22 64 63 11 23 8 18
Durchlauf 19000 94 44 30 22 64 63 11 23 8 18
Durchlauf 20000 94 44 30 22 64 63 11 23 8 18
Durchlauf 21000 94 44 30 22 64 63 11 23 8 18
Durchlauf 22000 94 44 30 22 64 63 11 23 8 18
Durchlauf 23000 94 44 30 22 64 63 11 23 8 18
Durchlauf 24000 94 44 30 22 64 63 11 23 8 18
Durchlauf 25000 94 44 30 22 64 63 11 23 8 18
Durchlauf 26000 94 44 30 22 64 63 11 23 8 18
Durchlauf 27000 94 44 30 22 64 63 11 23 8 18
Durchlauf 28000 94 44 30 22 64 63 11 23 8 18
Durchlauf 29000 94 44 30 22 64 63 11 23 8 18
Durchlauf 30000 94 44 30 22 64 63 11 23 8 18
Durchlauf 31000 94 44 30 22 64 63 11 23 8 18
Durchlauf 32000 94 44 30 22 64 63 11 23 8 18
Durchlauf 33000 94 44 30 22 64 63 11 23 8 18
Durchlauf 34000 94 44 30 22 64 63 11 23 8 18
Durchlauf 35000 94 44 30 22 64 63 11 23 8 18
Durchlauf 36000 94 44 30 22 64 63 11 23 8 18
Durchlauf 37000 94 44 30 22 64 63 11 23 8 18
Durchlauf 38000 94 44 30 22 64 63 11 23 8 18
Durchlauf 39000 94 44 30 22 64 63 11 23 8 18
Durchlauf 40000 94 44 30 22 64 63 11 23 8 18
Durchlauf 41000 94 44 30 22 64 63 11 23 8 18
Durchlauf 42000 94 44 30 22 64 63 11 23 8 18
Durchlauf 43000 94 44 30 22 64 63 11 23 8 18
Durchlauf 44000 94 44 30 22 64 63 11 23 8 18
Durchlauf 45000 94 44 30 22 64 63 11 23 8 18
Durchlauf 46000 94 44 30 22 64 63 11 23 8 18
Durchlauf 47000 94 44 30 22 64 63 11 23 8 18
Durchlauf 48000 94 44 30 22 64 63 11 23 8 18
Durchlauf 49000 94 44 30 22 64 63 11 23 8 18
Durchlauf 50000 94 44 30 22 64 63 11 23 8 18
Durchlauf 51000 94 44 30 22 64 63 11 23 8 18
Durchlauf 52000 94 44 30 22 64 63 11 23 8 18
Durchlauf 53000 94 44 30 22 64 63 11 23 8 18
Durchlauf 54000 94 44 30 22 64 63 11 23 8 18
Durchlauf 55000 94 44 30 22 64 63 11 23 8 18
Durchlauf 56000 94 44 30 22 64 63 11 23 8 18
Durchlauf 57000 94 44 30 22 64 63 11 23 8 18
Durchlauf 58000 94 44 30 22 64 63 11 23 8 18
Durchlauf 59000 94 44 30 22 64 63 11 23 8 18
Durchlauf 60000 94 44 30 22 64 63 11 23 8 18
Durchlauf 61000 94 44 30 22 64 63 11 23 8 18
Durchlauf 62000 94 44 30 22 64 63 11 23 8 18
Durchlauf 63000 94 44 30 22 64 63 11 23 8 18
Durchlauf 64000 94 44 30 22 64 63 11 23 8 18
Durchlauf 65000 94 44 30 22 64 63 11 23 8 18
Durchlauf 66000 94 44 30 22 64 63 11 23 8 18
Durchlauf 67000 94 44 30 22 64 63 11 23 8 18
Durchlauf 68000 94 44 30 22 64 63 11 23 8 18
Durchlauf 69000 94 44 30 22 64 63 11 23 8 18
Durchlauf 70000 94 44 30 22 64 63 11 23 8 18
Durchlauf 71000 94 44 30 22 64 63 11 23 8 18
Durchlauf 72000 94 44 30 22 64 63 11 23 8 18
Durchlauf 73000 94 44 30 22 64 63 11 23 8 18
Durchlauf 74000 94 44 30 22 64 63 11 23 8 18
Durchlauf 75000 94 44 30 22 64 63 11 23 8 18
Durchlauf 76000 94 44 30 22 64 63 11 23 8 18
Durchlauf 77000 94 44 30 22 64 63 11 23 8 18
Durchlauf 78000 94 44 30 22 64 63 11 23 8 18
Durchlauf 79000 94 44 30 22 64 63 11 23 8 18
Durchlauf 80000 94 44 30 22 64 63 11 23 8 18
Durchlauf 81000 94 44 30 22 64 63 11 23 8 18
Durchlauf 82000 94 44 30 22 64 63 11 23 8 18
Durchlauf 83000 94 44 30 22 64 63 11 23 8 18
Durchlauf 84000 94 44 30 22 64 63 11 23 8 18
Durchlauf 85000 94 44 30 22 64 63 11 23 8 18
Durchlauf 86000 94 44 30 22 64 63 11 23 8 18
Durchlauf 87000 94 44 30 22 64 63 11 23 8 18
Durchlauf 88000 94 44 30 22 64 63 11 23 8 18
Durchlauf 89000 94 44 30 22 64 63 11 23 8 18
Durchlauf 90000 94 44 30 22 64 63 11 23 8 18
Durchlauf 91000 94 44 30 22 64 63 11 23 8 18
Durchlauf 92000 94 44 30 22 64 63 11 23 8 18
Durchlauf 93000 94 44 30 22 64 63 11 23 8 18
Durchlauf 94000 94 44 30 22 64 63 11 23 8 18
Durchlauf 95000 94 44 30 22 64 63 11 23 8 18
Durchlauf 96000 94 44 30 22 64 63 11 23 8 18
Durchlauf 97000 94 44 30 22 64 63 11 23 8 18
Durchlauf 98000 94 44 30 22 64 63 11 23 8 18
Durchlauf 99000 94 44 30 22 64 63 11 23 8 18
Durchlauf 100000 94 44 30 22 64 63 11 23 8 18
Durchlauf 101000 94 44 30 22 64 63 11 23 8 18
Durchlauf 102000 94 44 30 22 64 63 11 23 8 18
Durchlauf 103000 94 44 30 22 64 63 11 23 8 18
Durchlauf 104000 94 44 30 22 64 63 11 23 8 18
Durchlauf 105000 94 44 30 22 64 63 11 23 8 18
Durchlauf 106000 94 44 30 22 64 63 11 23 8 18
Durchlauf 107000 94 44 30 22 64 63 11 23 8 18
Durchlauf 108000 94 44 30 22 64 63 11 23 8 18
Durchlauf 109000 94 44 30 22 64 63 11 23 8 18
Durchlauf 110000 94 44 30 22 64 63 11 23 8 18
Durchlauf 111000 94 44 30 22 64 63 11 23 8 18
Durchlauf 112000 94 44 30 22 64 63 11 23 8 18
Durchlauf 113000 94 44 30 22 64 63 11 23 8 18
Durchlauf 114000 94 44 30 22 64 63 11 23 8 18
Durchlauf 115000 94 44 30 22 64 63 11 23 8 18
Durchlauf 116000 94 44 30 22 64 63 11 23 8 18
Durchlauf 117000 94 44 30 22 64 63 11 23 8 18
Durchlauf 118000 94 44 30 22 64 63 11 23 8 18
Durchlauf 119000 94 44 30 22 64 63 11 23 8 18
Durchlauf 120000 94 44 30 22 64 63 11 23 8 18
Durchlauf 121000 94 44 30 22 64 63 11 23 8 18
Durchlauf 122000 94 44 30 22 64 63 11 23 8 18
Durchlauf 123000 94 44 30 22 64 63 11 23 8 18
Durchlauf 124000 94 44 30 22 64 63 11 23 8 18
Durchlauf 125000 94 44 30 22 64 63 11 23 8 18
Durchlauf 126000 94 44 30 22 64 63 11 23 8 18
Durchlauf 127000 94 44 30 22 64 63 11 23 8 18
Durchlauf 128000 94 44 30 22 64 63 11 23 8 18
Durchlauf 129000 94 44 30 22 64 63 11 23 8 18
Durchlauf 130000 94 44 30 22 64 63 11 23 8 18
Durchlauf 131000 94 44 30 22 64 63 11 23 8 18
Durchlauf 132000 94 44 30 22 64 63 11 23 8 18
Durchlauf 133000 94 44 30 22 64 63 11 23 8 18
Durchlauf 134000 94 44 30 22 64 63 11 23 8 18
Durchlauf 135000 94 44 30 22 64 63 11 23 8 18
Durchlauf 136000 94 44 30 22 64 63 11 23 8 18
Durchlauf 137000 94 44 30 22 64 63 11 23 8 18
Durchlauf 138000 94 44 30 22 64 63 11 23 8 18
Durchlauf 139000 94 44 30 22 64 63 11 23 8 18
Durchlauf 140000 94 44 30 22 64 63 11 23 8 18
Durchlauf 141000 94 44 30 22 64 63 11 23 8 18
Durchlauf 142000 94 44 30 22 64 63 11 23 8 18
Durchlauf 143000 94 44 30 22 64 63 11 23 8 18
Durchlauf 144000 94 44 30 22 64 63 11 23 8 18
Durchlauf 145000 94 44 30 22 64 63 11 23 8 18
Durchlauf 146000 94 44 30 22 64 63 11 23 8 18
Durchlauf 147000 94 44 30 22 64 63 11 23 8 18
Durchlauf 148000 94 44 30 22 64 63 11 23 8 18
Durchlauf 149000 94 44 30 22 64 63 11 23 8 18
Durchlauf 150000 94 44 30 22 64 63 11 23 8 18
Durchlauf 151000 94 44 30 22 64 63 11 23 8 18
Durchlauf 152000 94 44 30 22 64 63 11 23 8 18
Durchlauf 153000 94 44 30 22 64 63 11 23 8 18
Durchlauf 154000 94 44 30 22 64 63 11 23 8 18
Durchlauf 155000 94 44 30 22 64 63 11 23 8 18
Durchlauf 156000 94 44 30 22 64 63 11 23 8 18
Durchlauf 157000 94 44 30 22 64 63 11 23 8 18
Durchlauf 158000 94 44 30 22 64 63 11 23 8 18
Durchlauf 159000 94 44 30 22 64 63 11 23 8 18
Durchlauf 160000 94 44 30 22 64 63 11 23 8 18
Durchlauf 161000 94 44 30 22 64 63 11 23 8 18
Durchlauf 162000 94 44 30 22 64 63 11 23 8 18
Durchlauf 163000 94 44 30 22 64 63 11 23 8 18
Durchlauf 164000 94 44 30 22 64 63 11 23 8 18
Durchlauf 165000 94 44 30 22 64 63 11 23 8 18
Durchlauf 166000 94 44 30 22 64 63 11 23 8 18
Durchlauf 167000 94 44 30 22 64 63 11 23 8 18
Durchlauf 168000 94 44 30 22 64 63 11 23 8 18
Durchlauf 169000 94 44 30 22 64 63 11 23 8 18
Durchlauf 170000 94 44 30 22 64 63 11 23 8 18
Durchlauf 171000 94 44 30 22 64 63 11 23 8 18
Durchlauf 172000 94 44 30 22 64 63 11 23 8 18
Durchlauf 173000 94 44 30 22 64 63 11 23 8 18
Durchlauf 174000 94 44 30 22 64 63 11 23 8 18
Durchlauf 175000 94 44 30 22 64 63 11 23 8 18
Durchlauf 176000 94 44 30 22 64 63 11 23 8 18
Durchlauf 177000 94 44 30 22 64 63 11 23 8 18
Durchlauf 178000 94 44 30 22 64 63 11 23 8 18
Durchlauf 179000 94 44 30 22 64 63 11 23 8 18
Durchlauf 180000 94 44 30 22 64 63 11 23 8 18
Durchlauf 181000 94 44 30 22 64 63 11 23 8 18
Durchlauf 182000 94 44 30 22 64 63 11 23 8 18
Durchlauf 183000 94 44 30 22 64 63 11 23 8 18
Durchlauf 184000 94 44 30 22 64 63 11 23 8 18
Durchlauf 185000 94 44 30 22 64 63 11 23 8 18
Durchlauf 186000 94 44 30 22 64 63 11 23 8 18
Durchlauf 187000 94 44 30 22 64 63 11 23 8 18
Durchlauf 188000 94 44 30 22 64 63 11 23 8 18
Durchlauf 189000 94 44 30 22 64 63 11 23 8 18
Durchlauf 190000 94 44 30 22 64 63 11 23 8 18
Durchlauf 191000 94 44 30 22 64 63 11 23 8 18
Durchlauf 192000 94 44 30 22 64 63 11 23 8 18
Durchlauf 193000 94 44 30 22 64 63 11 23 8 18
Durchlauf 194000 94 44 30 22 64 63 11 23 8 18
Durchlauf 195000 94 44 30 22 64 63 11 23 8 18
Durchlauf 196000 94 44 30 22 64 63 11 23 8 18
Durchlauf 197000 94 44 30 22 64 63 11 23 8 18
Durchlauf 198000 94 44 30 22 64 63 11 23 8 18
Durchlauf 199000 94 44 30 22 64 63 11 23 8 18
Durchlauf 200000 94 44 30 22 64 63 11 23 8 18
Durchlauf 201000 94 44 30 22 64 63 11 23 8 18
Durchlauf 202000 94 44 30 22 64 63 11 23 8 18
Durchlauf 203000 94 44 30 22 64 63 11 23 8 18
Durchlauf 204000 94 44 30 22 64 63 11 23 8 18
Durchlauf 205000 94 44 30 22 64 63 11 23 8 18
Durchlauf 206000 94 44 30 22 64 63 11 23 8 18
Durchlauf 207000 94 44 30 22 64 63 11 23 8 18
Durchlauf 208000 94 44 30 22 64 63 11 23 8 18
Durchlauf 209000 94 44 30 22 64 63 11 23 8 18
Durchlauf 210000 94 44 30 22 64 63 11 23 8 18
Durchlauf 211000 94 44 30 22 64 63 11 23 8 18
Durchlauf 212000 94 44 30 22 64 63 11 23 8 18
Durchlauf 213000 94 44 30 22 64 63 11 23 8 18
Durchlauf 214000 94 44 30 22 64 63 11 23 8 18
Durchlauf 215000 94 44 30 22 64 63 11 23 8 18
Durchlauf 216000 94 44 30 22 64 63 11 23 8 18
Durchlauf 217000 94 44 30 22 64 63 11 23 8 18
Durchlauf 218000 94 44 30 22 64 63 11 23 8 18
Durchlauf 219000 94 44 30 22 64 63 11 23 8 18
Durchlauf 220000 94 44 30 22 64 63 11 23 8 18
Durchlauf 221000 94 44 30 22 64 63 11 23 8 18
Durchlauf 222000 94 44 30 22 64 63 11 23 8 18
Durchlauf 223000 94 44 30 22 64 63 11 23 8 18
Durchlauf 224000 94 44 30 22 64 63 11 23 8 18
Durchlauf 225000 94 44 30 22 64 63 11 23 8 18
Durchlauf 226000 94 44 30 22 64 63 11 23 8 18
Durchlauf 227000 94 44 30 22 64 63 11 23 8 18
Durchlauf 228000 94 44 30 22 64 63 11 23 8 18
Durchlauf 229000 94 44 30 22 64 63 11 23 8 18
Durchlauf 230000 94 44 30 22 64 63 11 23 8 18
Durchlauf 231000 94 44 30 22 64 63 11 23 8 18
Durchlauf 232000 94 44 30 22 64 63 11 23 8 18
Durchlauf 233000 94 44 30 22 64 63 11 23 8 18
Durchlauf 234000 94 44 30 22 64 63 11 23 8 18
Durchlauf 235000 94 44 30 22 64 63 11 23 8 18
Durchlauf 236000 94 44 30 22 64 63 11 23 8 18
Durchlauf 237000 94 44 30 22 64 63 11 23 8 18
Durchlauf 238000 94 44 30 22 64 63 11 23 8 18
Durchlauf 239000 94 44 30 22 64 63 11 23 8 18
Durchlauf 240000 94 44 30 22 64 63 11 23 8 18
Durchlauf 241000 94 44 30 22 64 63 11 23 8 18
Durchlauf 242000 94 44 30 22 64 63 11 23 8 18
Durchlauf 243000 94 44 30 22 64 63 11 23 8 18
Durchlauf 244000 94 44 30 22 64 63 11 23 8 18
Durchlauf 245000 94 44 30 22 64 63 11 23 8 18
Durchlauf 246000 94 44 30 22 64 63 11 23 8 18
Durchlauf 247000 94 44 30 22 64 63 11 23 8 18
Durchlauf 248000 94 44 30 22 64 63 11 23 8 18
Durchlauf 249000 94 44 30 22 64 63 11 23 8 18
Durchlauf 250000 94 44 30 22 64 63 11 23 8 18
Durchlauf 251000 94 44 30 22 64 63 11 23 8 18
Durchlauf 252000 94 44 30 22 64 63 11 23 8 18
Durchlauf 253000 94 44 30 22 64 63 11 23 8 18
Durchlauf 254000 94 44 30 22 64 63 11 23 8 18
Durchlauf 255000 94 44 30 22 64 63 11 23 8 18
Durchlauf 256000 94 44 30 22 64 63 11 23 8 18
Durchlauf 257000 94 44 30 22 64 63 11 23 8 18
Durchlauf 258000 94 44 30 22 64 63 11 23 8 18
Durchlauf 259000 94 44 30 22 64 63 11 23 8 18
Durchlauf 260000 94 44 30 22 64 63 11 23 8 18
Durchlauf 261000 94 44 30 22 64 63 11 23 8 18
Durchlauf 262000 94 44 30 22 64 63 11 23 8 18
Durchlauf 263000 94 44 30 22 64 63 11 23 8 18
Durchlauf 264000 94 44 30 22 64 63 11 23 8 18
Durchlauf 265000 94 44 30 22 64 63 11 23 8 18
Durchlauf 266000 94 44 30 22 64 63 11 23 8 18
Durchlauf 267000 94 44 30 22 64 63 11 23 8 18
Durchlauf 268000 94 44 30 22 64 63 11 23 8 18
Durchlauf 269000 94 44 30 22 64 63 11 23 8 18
Durchlauf 270000 94 44 30 22 64 63 11 23 8 18
Durchlauf 271000 94 44 30 22 64 63 11 23 8 18
Durchlauf 272000 94 44 30 22 64 63 11 23 8 18
Durchlauf 273000 94 44 30 22 64 63 11 23 8 18
Durchlauf 274000 94 44 30 22 64 63 11 23 8 18
Durchlauf 275000 94 44 30 22 64 63 11 23 8 18
Durchlauf 276000 94 44 30 22 64 63 11 23 8 18
Durchlauf 277000 94 44 30 22 64 63 11 23 8 18
Durchlauf 278000 94 44 30 22 64 63 11 23 8 18
Durchlauf 279000 94 44 30 22 64 63 11 23 8 18
Durchlauf 280000 94 44 30 22 64 63 11 23 8 18
Durchlauf 281000 94 44 30 22 64 63 11 23 8 18
Durchlauf 282000 94 44 30 22 64 63 11 23 8 18
Durchlauf 283000 94 44 30 22 64 63 11 23 8 18
Durchlauf 284000 94 44 30 22 64 63 11 23 8 18
Durchlauf 285000 94 44 30 22 64 63 11 23 8 18
Durchlauf 286000 94 44 30 22 64 63 11 23 8 18
Durchlauf 287000 94 44 30 22 64 63 11 23 8 18
Durchlauf 288000 94 44 30 22 64 63 11 23 8 18
Durchlauf 289000 94 44 30 22 64 63 11 23 8 18
Durchlauf 290000 94 44 30 22 64 63 11 23 8 18
Durchlauf 291000 94 44 30 22 64 63 11 23 8 18
Durchlauf 292000 94 44 30 22 64 63 11 23 8 18
Durchlauf 293000 94 44 30 22 64 63 11 23 8 18
Durchlauf 294000 94 44 30 22 64 63 11 23 8 18
Durchlauf 295000 94 44 30 22 64 63 11 23 8 18
Durchlauf 296000 94 44 30 22 64 63 11 23 8 18
Durchlauf 297000 94 44 30 22 64 63 11 23 8 18
Durchlauf 298000 94 44 30 22 64 63 11 23 8 18
Durchlauf 299000 94 44 30 22 64 63 11 23 8 18
Durchlauf 300000 94 44 30 22 64 63 11 23 8 18
Durchlauf 301000 94 44 30 22 64 63 11 23 8 18
Durchlauf 302000 94 44 30 22 64 63 11 23 8 18
Durchlauf 303000 94 44 30 22 64 63 11 23 8 18
Durchlauf 304000 94 44 30 22 64 63 11 23 8 18
Durchlauf 305000 94 44 30 22 64 63 11 23 8 18
Durchlauf 306000 94 44 30 22 64 63 11 23 8 18
Durchlauf 307000 94 44 30 22 64 63 11 23 8 18
Durchlauf 308000 94 44 30 22 64 63 11 23 8 18
Durchlauf 309000 94 44 30 22 64 63 11 23 8 18
Durchlauf 310000 94 44 30 22 64 63 11 23 8 18
Durchlauf 311000 94 44 30 22 64 63 11 23 8 18
Durchlauf 312000 94 44 30 22 64 63 11 23 8 18
Durchlauf 313000 94 44 30 22 64 63 11 23 8 18
Durchlauf 314000 94 44 30 22 64 63 11 23 8 18
Durchlauf 315000 94 44 30 22 64 63 11 23 8 18
Durchlauf 316000 94 44 30 22 64 63 11 23 8 18
Durchlauf 317000 94 44 30 22 64 63 11 23 8 18
Durchlauf 318000 94 44 30 22 64 63 11 23 8 18
Durchlauf 319000 94 44 30 22 64 63 11 23 8 18
Durchlauf 320000 94 44 30 22 64 63 11 23 8 18
Durchlauf 321000 94 44 30 22 64 63 11 23 8 18
Durchlauf 322000 94 44 30 22 64 63 11 23 8 18
Durchlauf 323000 94 44 30 22 64 63 11 23 8 18
Durchlauf 324000 94 44 30 22 64 63 11 23 8 18
Durchlauf 325000 94 44 30 22 64 63 11 23 8 18
Durchlauf 326000 94 44 30 22 64 63 11 23 8 18
Durchlauf 327000 94 44 30 22 64 63 11 23 8 18
Durchlauf 328000 94 44 30 22 64 63 11 23 8 18
Durchlauf 329000 94 44 30 22 64 63 11 23 8 18
Durchlauf 330000 94 44 30 22 64 63 11 23 8 18
Durchlauf 331000 94 44 30 22 64 63 11 23 8 18
Durchlauf 332000 94 44 30 22 64 63 11 23 8 18
Durchlauf 333000 94 44 30 22 64 63 11 23 8 18
Durchlauf 334000 94 44 30 22 64 63 11 23 8 18
Durchlauf 335000 94 44 30 22 64 63 11 23 8 18
Durchlauf 336000 94 44 30 22 64 63 11 23 8 18
Durchlauf 337000 94 44 30 22 64 63 11 23 8 18
Durchlauf 338000 94 44 30 22 64 63 11 23 8 18
Durchlauf 339000 94 44 30 22 64 63 11 23 8 18
Durchlauf 340000 94 44 30 22 64 63 11 23 8 18
Durchlauf 341000 94 44 30 22 64 63 11 23 8 18
Durchlauf 342000 94 44 30 22 64 63 11 23 8 18
Durchlauf 343000 94 44 30 22 64 63 11 23 8 18
Durchlauf 344000 94 44 30 22 64 63 11 23 8 18
Durchlauf 345000 94 44 30 22 64 63 11 23 8 18
Durchlauf 346000 94 44 30 22 64 63 11 23 8 18
Durchlauf 347000 94 44 30 22 64 63 11 23 8 18
Durchlauf 348000 94 44 30 22 64 63 11 23 8 18
Durchlauf 349000 94 44 30 22 64 63 11 23 8 18
Durchlauf 350000 94 44 30 22 64 63 11 23 8 18
Durchlauf 351000 94 44 30 22 64 63 11 23 8 18
Durchlauf 352000 94 44 30 22 64 63 11 23 8 18
Durchlauf 353000 94 44 30 22 64 63 11 23 8 18
Durchlauf 354000 94 44 30 22 64 63 11 23 8 18
Durchlauf 355000 94 44 30 22 64 63 11 23 8 18
Durchlauf 356000 94 44 30 22 64 63 11 23 8 18
Durchlauf 357000 94 44 30 22 64 63 11 23 8 18
Durchlauf 358000 94 44 30 22 64 63 11 23 8 18
Durchlauf 359000 94 44 30 22 64 63 11 23 8 18
Durchlauf 360000 94 44 30 22 64 63 11 23 8 18
Durchlauf 361000 94 44 30 22 64 63 11 23 8 18
Durchlauf 362000 94 44 30 22 64 63 11 23 8 18
Durchlauf 363000 94 44 30 22 64 63 11 23 8 18
Durchlauf 364000 94 44 30 22 64 63 11 23 8 18
Durchlauf 365000 94 44 30 22 64 63 11 23 8 18
Durchlauf 366000 94 44 30 22 64 63 11 23 8 18
Durchlauf 367000 94 44 30 22 64 63 11 23 8 18
Durchlauf 368000 94 44 30 22 64 63 11 23 8 18
Durchlauf 369000 94 44 30 22 64 63 11 23 8 18
Durchlauf 370000 94 44 30 22 64 63 11 23 8 18
Durchlauf 371000 94 44 30 22 64 63 11 23 8 18
Durchlauf 372000 94 44 30 22 64 63 11 23 8 18
Durchlauf 373000 94 44 30 22 64 63 11 23 8 18
Durchlauf 374000 94 44 30 22 64 63 11 23 8 18
Durchlauf 375000 94 44 30 22 64 63 11 23 8 18
Durchlauf 376000 94 44 30 22 64 63 11 23 8 18
Durchlauf 377000 94 44 30 22 64 63 11 23 8 18
Durchlauf 378000 94 44 30 22 64 63 11 23 8 18
Durchlauf 379000 94 44 30 22 64 63 11 23 8 18
Durchlauf 380000 94 44 30 22 64 63 11 23 8 18
Durchlauf 381000 94 44 30 22 64 63 11 23 8 18
Durchlauf 382000 94 44 30 22 64 63 11 23 8 18
Durchlauf 383000 94 44 30 22 64 63 11 23 8 18
Durchlauf 384000 94 44 30 22 64 63 11 23 8 18
Durchlauf 385000 94 44 30 22 64 63 11 23 8 18
Durchlauf 386000 94 44 30 22 64 63 11 23 8 18
Durchlauf 387000 94 44 30 22 64 63 11 23 8 18
Durchlauf 388000 94 44 30 22 64 63 11 23 8 18
Durchlauf 389000 94 44 30 22 64 63 11 23 8 18
Durchlauf 390000 94 44 30 22 64 63 11 23 8 18
Durchlauf 391000 94 44 30 22 64 63 11 23 8 18
Durchlauf 392000 94 44 30 22 64 63 11 23 8 18
Durchlauf 393000 94 44 30 22 64 63 11 23 8 18
Durchlauf 394000 94 44 30 22 64 63 11 23 8 18
Durchlauf 395000 94 44 30 22 64 63 11 23 8 18
Durchlauf 396000 94 44 30 22 64 63 11 23 8 18
Durchlauf 397000 94 44 30 22 64 63 11 23 8 18
Durchlauf 398000 94 44 30 22 64 63 11 23 8 18
Durchlauf 399000 94 44 30 22 64 63 11 23 8 18
Durchlauf 400000 94 44 30 22 64 63 11 23 8 18
Durchlauf 401000 94 44 30 22 64 63 11 23 8 18
Durchlauf 402000 94 44 30 22 64 63 11 23 8 18
Durchlauf 403000 94 44 30 22 64 63 11 23 8 18
Durchlauf 404000 94 44 30 22 64 63 11 23 8 18
Durchlauf 405000 94 44 30 22 64 63 11 23 8 18
Durchlauf 406000 94 44 30 22 64 63 11 23 8 18
Durchlauf 407000 94 44 30 22 64 63 11 23 8 18
Durchlauf 408000 94 44 30 22 64 63 11 23 8 18
Durchlauf 409000 94 44 30 22 64 63 11 23 8 18
Durchlauf 410000 94 44 30 22 64 63 11 23 8 18
Durchlauf 411000 94 44 30 22 64 63 11 23 8 18
Durchlauf 412000 94 44 30 22 64 63 11 23 8 18
Durchlauf 413000 94 44 30 22 64 63 11 23 8 18
Durchlauf 414000 94 44 30 22 64 63 11 23 8 18
Durchlauf 415000 94 44 30 22 64 63 11 23 8 18
Durchlauf 416000 94 44 30 22 64 63 11 23 8 18
Durchlauf 417000 94 44 30 22 64 63 11 23 8 18
Durchlauf 418000 94 44 30 22 64 63 11 23 8 18
Durchlauf 419000 94 44 30 22 64 63 11 23 8 18
Durchlauf 420000 94 44 30 22 64 63 11 23 8 18
Durchlauf 421000 94 44 30 22 64 63 11 23 8 18
Durchlauf 422000 94 44 30 22 64 63 11 23 8 18
Durchlauf 423000 94 44 30 22 64 63 11 23 8 18
Durchlauf 424000 94 44 30 22 64 63 11 23 8 18
Durchlauf 425000 94 44 30 22 64 63 11 23 8 18
Durchlauf 426000 94 44 30 22 64 63 11 23 8 18
Durchlauf 427000 94 44 30 22 64 63 11 23 8 18
Durchlauf 428000 94 44 30 22 64 63 11 23 8 18
Durchlauf 429000 94 44 30 22 64 63 11 23 8 18
Durchlauf 430000 94 44 30 22 64 63 11 23 8 18
Durchlauf 431000 94 44 30 22 64 63 11 23 8 18
Durchlauf 432000 94 44 30 22 64 63 11 23 8 18
Durchlauf 433000 94 44 30 22 64 63 11 23 8 18
Durchlauf 434000 94 44 30 22 64 63 11 23 8 18
Durchlauf 435000 94 44 30 22 64 63 11 23 8 18
Durchlauf 436000 94 44 30 22 64 63 11 23 8 18
Durchlauf 437000 94 44 30 22 64 63 11 23 8 18
Durchlauf 438000 94 44 30 22 64 63 11 23 8 18
Durchlauf 439000 94 44 30 22 64 63 11 23 8 18
Durchlauf 440000 94 44 30 22 64 63 11 23 8 18
Durchlauf 441000 94 44 30 22 64 63 11 23 8 18
Durchlauf 442000 94 44 30 22 64 63 11 23 8 18
Durchlauf 443000 94 44 30 22 64 63 11 23 8 18
Durchlauf 444000 94 44 30 22 64 63 11 23 8 18
Durchlauf 445000 94 44 30 22 64 63 11 23 8 18
Durchlauf 446000 94 44 30 22 64 63 11 23 8 18
Durchlauf 447000 94 44 30 22 64 63 11 23 8 18
Durchlauf 448000 94 44 30 22 64 63 11 23 8 18
Durchlauf 449000 94 44 30 22 64 63 11 23 8 18
Durchlauf 450000 94 44 30 22 64 63 11 23 8 18
Durchlauf 451000 94 44 30 22 64 63 11 23 8 18
Durchlauf 452000 94 44 30 22 64 63 11 23 8 18
Durchlauf 453000 94 44 30 22 64 63 11 23 8 18
Durchlauf 454000 94 44 30 22 64 63 11 23 8 18
Durchlauf 455000 94 44 30 22 64 63 11 23 8 18
Durchlauf 456000 94 44 30 22 64 63 11 23 8 18
Durchlauf 457000 94 44 30 22 64 63 11 23 8 18
Durchlauf 458000 94 44 30 22 64 63 11 23 8 18
Durchlauf 459000 94 44 30 22 64 63 11 23 8 18
Durchlauf 460000 94 44 30 22 64 63 11 23 8 18
Durchlauf 461000 94 44 30 22 64 63 11 23 8 18
Durchlauf 462000 94 44 30 22 64 63 11 23 8 18
Durchlauf 463000 94 44 30 22 64 63 11 23 8 18
Durchlauf 464000 94 44 30 22 64 63 11 23 8 18
Durchlauf 465000 94 44 30 22 64 63 11 23 8 18
Durchlauf 466000 94 44 30 22 64 63 11 23 8 18
Durchlauf 467000 94 44 30 22 64 63 11 23 8 18
Durchlauf 468000 94 44 30 22 64 63 11 23 8 18
Durchlauf 469000 94 44 30 22 64 63 11 23 8 18
Durchlauf 470000 94 44 30 22 64 63 11 23 8 18
Durchlauf 471000 94 44 30 22 64 63 11 23 8 18
Durchlauf 472000 94 44 30 22 64 63 11 23 8 18
Durchlauf 473000 94 44 30 22 64 63 11 23 8 18
Durchlauf 474000 94 44 30 22 64 63 11 23 8 18
Durchlauf 475000 94 44 30 22 64 63 11 23 8 18
Durchlauf 476000 94 44 30 22 64 63 11 23 8 18
Durchlauf 477000 94 44 30 22 64 63 11 23 8 18
Durchlauf 478000 94 44 30 22 64 63 11 23 8 18
Durchlauf 479000 94 44 30 22 64 63 11 23 8 18
Durchlauf 480000 94 44 30 22 64 63 11 23 8 18
Durchlauf 481000 94 44 30 22 64 63 11 23 8 18
Durchlauf 482000 94 44 30 22 64 63 11 23 8 18
Durchlauf 483000 94 44 30 22 64 63 11 23 8 18
Durchlauf 484000 94 44 30 22 64 63 11 23 8 18
Durchlauf 485000 94 44 30 22 64 63 11 23 8 18
Durchlauf 486000 94 44 30 22 64 63 11 23 8 18
Durchlauf 487000 94 44 30 22 64 63 11 23 8 18
Durchlauf 488000 94 44 30 22 64 63 11 23 8 18
Durchlauf 489000 94 44 30 22 64 63 11 23 8 18
Durchlauf 490000 94 44 30 22 64 63 11 23 8 18
Durchlauf 491000 94 44 30 22 64 63 11 23 8 18
Durchlauf 492000 94 44 30 22 64 63 11 23 8 18
Durchlauf 493000 94 44 30 22 64 63 11 23 8 18
Durchlauf 494000 94 44 30 22 64 63 11 23 8 18
Durchlauf 495000 94 44 30 22 64 63 11 23 8 18
Durchlauf 496000 94 44 30 22 64 63 11 23 8 18
Durchlauf 497000 94 44 30 22 64 63 11 23 8 18
Durchlauf 498000 94 44 30 22 64 63 11 23 8 18
Durchlauf 499000 94 44 30 22 64 63 11 23 8 18
Durchlauf 500000 94 44 30 22 64 63 11 23 8 18
Durchlauf 501000 94 44 30 22 64 63 11 23 8 18
Durchlauf 502000 94 44 30 22 64 63 11 23 8 18
Durchlauf 503000 94 44 30 22 64 63 11 23 8 18
Durchlauf 504000 94 44 30 22 64 63 11 23 8 18
Durchlauf 505000 94 44 30 22 64 63 11 23 8 18
Durchlauf 506000 94 44 30 22 64 63 11 23 8 18
Durchlauf 507000 94 44 30 22 64 63 11 23 8 18
Durchlauf 508000 94 44 30 22 64 63 11 23 8 18
Durchlauf 509000 94 44 30 22 64 63 11 23 8 18
Durchlauf 510000 94 44 30 22 64 63 11 23 8 18
Durchlauf 511000 94 44 30 22 64 63 11 23 8 18
Durchlauf 512000 94 44 30 22 64 63 11 23 8 18
Durchlauf 513000 94 44 30 22 64 63 11 23 8 18
Durchlauf 514000 94 44 30 22 64 63 11 23 8 18
Durchlauf 515000 94 44 30 22 64 63 11 23 8 18
Durchlauf 516000 94 44 30 22 64 63 11 23 8 18
Durchlauf 517000 94 44 30 22 64 63 11 23 8 18
Durchlauf 518000 94 44 30 22 64 63 11 23 8 18
Durchlauf 519000 94 44 30 22 64 63 11 23 8 18
Durchlauf 520000 94 44 30 22 64 63 11 23 8 18
Durchlauf 521000 94 44 30 22 64 63 11 23 8 18
Durchlauf 522000 94 44 30 22 64 63 11 23 8 18
Durchlauf 523000 94 44 30 22 64 63 11 23 8 18
Durchlauf 524000 94 44 30 22 64 63 11 23 8 18
Durchlauf 525000 94 44 30 22 64 63 11 23 8 18
Durchlauf 526000 94 44 30 22 64 63 11 23 8 18
Durchlauf 527000 94 44 30 22 64 63 11 23 8 18
Durchlauf 528000 94 44 30 22 64 63 11 23 8 18
Durchlauf 529000 94 44 30 22 64 63 11 23 8 18
Durchlauf 530000 94 44 30 22 64 63 11 23 8 18
Durchlauf 531000 94 44 30 22 64 63 11 23 8 18
Durchlauf 532000 94 44 30 22 64 63 11 23 8 18
Durchlauf 533000 94 44 30 22 64 63 11 23 8 18
Durchlauf 534000 94 44 30 22 64 63 11 23 8 18
Durchlauf 535000 94 44 30 22 64 63 11 23 8 18
Durchlauf 536000 94 44 30 22 64 63 11 23 8 18
Durchlauf 537000 94 44 30 22 64 63 11 23 8 18
Durchlauf 538000 94 44 30 22 64 63 11 23 8 18
Durchlauf 539000 94 44 30 22 64 63 11 23 8 18
Durchlauf 540000 94 44 30 22 64 63 11 23 8 18
Durchlauf 541000 94 44 30 22 64 63 11 23 8 18
Durchlauf 542000 94 44 30 22 64 63 11 23 8 18
Durchlauf 543000 94 44 30 22 64 63 11 23 8 18
Durchlauf 544000 94 44 30 22 64 63 11 23 8 18
Durchlauf 545000 94 44 30 22 64 63 11 23 8 18
Durchlauf 546000 94 44 30 22 64 63 11 23 8 18
Durchlauf 547000 94 44 30 22 64 63 11 23 8 18
Durchlauf 548000 94 44 30 22 64 63 11 23 8 18
Durchlauf 549000 94 44 30 22 64 63 11 23 8 18
Durchlauf 550000 94 44 30 22 64 63 11 23 8 18
Durchlauf 551000 94 44 30 22 64 63 11 23 8 18
Durchlauf 552000 94 44 30 22 64 63 11 23 8 18
Durchlauf 553000 94 44 30 22 64 63 11 23 8 18
Durchlauf 554000 94 44 30 22 64 63 11 23 8 18
Durchlauf 555000 94 44 30 22 64 63 11 23 8 18
Durchlauf 556000 94 44 30 22 64 63 11 23 8 18
Durchlauf 557000 94 44 30 22 64 63 11 23 8 18
Durchlauf 558000 94 44 30 22 64 63 11 23 8 18
Durchlauf 559000 94 44 30 22 64 63 11 23 8 18
Durchlauf 560000 94 44 30 22 64 63 11 23 8 18
Durchlauf 561000 94 44 30 22 64 63 11 23 8 18
Durchlauf 562000 94 44 30 22 64 63 11 23 8 18
Durchlauf 563000 94 44 30 22 64 63 11 23 8 18
Durchlauf 564000 94 44 30 22 64 63 11 23 8 18
Durchlauf 565000 94 44 30 22 64 63 11 23 8 18
Durchlauf 566000 94 44 30 22 64 63 11 23 8 18
Durchlauf 567000 94 44 30 22 64 63 11 23 8 18
Durchlauf 568000 94 44 30 22 64 63 11 23 8 18
Durchlauf 569000 94 44 30 22 64 63 11 23 8 18
Durchlauf 570000 94 44 30 22 64 63 11 23 8 18
Durchlauf 571000 94 44 30 22 64 63 11 23 8 18
Durchlauf 572000 94 44 30 22 64 63 11 23 8 18
Durchlauf 573000 94 44 30 22 64 63 11 23 8 18
Durchlauf 574000 94 44 30 22 64 63 11 23 8 18
Durchlauf 575000 94 44 30 22 64 63 11 23 8 18
Durchlauf 576000 94 44 30 22 64 63 11 23 8 18
Durchlauf 577000 94 44 30 22 64 63 11 23 8 18
Durchlauf 578000 94 44 30 22 64 63 11 23 8 18
Durchlauf 579000 94 44 30 22 64 63 11 23 8 18
Durchlauf 580000 94 44 30 22 64 63 11 23 8 18
Durchlauf 581000 94 44 30 22 64 63 11 23 8 18
Durchlauf 582000 94 44 30 22 64 63 11 23 8 18
Durchlauf 583000 94 44 30 22 64 63 11 23 8 18
Durchlauf 584000 94 44 30 22 64 63 11 23 8 18
Durchlauf 585000 94 44 30 22 64 63 11 23 8 18
Durchlauf 586000 94 44 30 22 64 63 11 23 8 18
Durchlauf 587000 94 44 30 22 64 63 11 23 8 18
Durchlauf 588000 94 44 30 22 64 63 11 23 8 18
Durchlauf 589000 94 44 30 22 64 63 11 23 8 18
Durchlauf 590000 94 44 30 22 64 63 11 23 8 18
Durchlauf 591000 94 44 30 22 64 63 11 23 8 18
Durchlauf 592000 94 44 30 22 64 63 11 23 8 18
Durchlauf 593000 94 44 30 22 64 63 11 23 8 18
Durchlauf 594000 94 44 30 22 64 63 11 23 8 18
Durchlauf 595000 94 44 30 22 64 63 11 23 8 18
Durchlauf 596000 94 44 30 22 64 63 11 23 8 18
Durchlauf 597000 94 44 30 22 64 63 11 23 8 18
Durchlauf 598000 94 44 30 22 64 63 11 23 8 18
Durchlauf 599000 94 44 30 22 64 63 11 23 8 18
Durchlauf 600000 94 44 30 22 64 63 11 23 8 18
Durchlauf 601000 94 44 30 22 64 63 11 23 8 18
Durchlauf 602000 94 44 30 22 64 63 11 23 8 18
Durchlauf 603000 94 44 30 22 64 63 11 23 8 18
Durchlauf 604000 94 44 30 22 64 63 11 23 8 18
Durchlauf 605000 94 44 30 22 64 63 11 23 8 18
Durchlauf 606000 94 44 30 22 64 63 11 23 8 18
Durchlauf 607000 94 44 30 22 64 63 11 23 8 18
Durchlauf 608000 94 44 30 22 64 63 11 23 8 18
Durchlauf 609000 94 44 30 22 64 63 11 23 8 18
Durchlauf 610000 94 44 30 22 64 63 11 23 8 18
Durchlauf 611000 94 44 30 22 64 63 11 23 8 18
Durchlauf 612000 94 44 30 22 64 63 11 23 8 18
Durchlauf 613000 94 44 30 22 64 63 11 23 8 18
Durchlauf 614000 94 44 30 22 64 63 11 23 8 18
Durchlauf 615000 94 44 30 22 64 63 11 23 8 18
Durchlauf 616000 94 44 30 22 64 63 11 23 8 18
Durchlauf 617000 94 44 30 22 64 63 11 23 8 18
Durchlauf 618000 94 44 30 22 64 63 11 23 8 18
Durchlauf 619000 94 44 30 22 64 63 11 23 8 18
Durchlauf 620000 94 44 30 22 64 63 11 23 8 18
Durchlauf 621000 94 44 30 22 64 63 11 23 8 18
Durchlauf 622000 94 44 30 22 64 63 11 23 8 18
Durchlauf 623000 94 44 30 22 64 63 11 23 8 18
Durchlauf 624000 94 44 30 22 64 63 11 23 8 18
Durchlauf 625000 94 44 30 22 64 63 11 23 8 18
Durchlauf 626000 94 44 30 22 64 63 11 23 8 18
Durchlauf 627000 94 44 30 22 64 63 11 23 8 18
Durchlauf 628000 94 44 30 22 64 63 11 23 8 18
Durchlauf 629000 94 44 30 22 64 63 11 23 8 18
Durchlauf 630000 94 44 30 22 64 63 11 23 8 18
Durchlauf 631000 94 44 30 22 64 63 11 23 8 18
Durchlauf 632000 94 44 30 22 64 63 11 23 8 18
Durchlauf 633000 94 44 30 22 64 63 11 23 8 18
Durchlauf 634000 94 44 30 22 64 63 11 23 8 18
Durchlauf 635000 94 44 30 22 64 63 11 23 8 18
Durchlauf 636000 94 44 30 22 64 63 11 23 8 18
Durchlauf 637000 94 44 30 22 64 63 11 23 8 18
Durchlauf 638000 94 44 30 22 64 63 11 23 8 18
Durchlauf 639000 94 44 30 22 64 63 11 23 8 18
Durchlauf 640000 94 44 30 22 64 63 11 23 8 18
Durchlauf 641000 94 44 30 22 64 63 11 23 8 18
Durchlauf 642000 94 44 30 22 64 63 11 23 8 18
Durchlauf 643000 94 44 30 22 64 63 11 23 8 18
Durchlauf 644000 94 44 30 22 64 63 11 23 8 18
Durchlauf 645000 94 44 30 22 64 63 11 23 8 18
Durchlauf 646000 94 44 30 22 64 63 11 23 8 18
Durchlauf 647000 94 44 30 22 64 63 11 23 8 18
Durchlauf 648000 94 44 30 22 64 63 11 23 8 18
Durchlauf 649000 94 44 30 22 64 63 11 23 8 18
Durchlauf 650000 94 44 30 22 64 63 11 23 8 18
Durchlauf 651000 94 44 30 22 64 63 11 23 8 18
Durchlauf 652000 94 44 30 22 64 63 11 23 8 18
Durchlauf 653000 94 44 30 22 64 63 11 23 8 18
Durchlauf 654000 94 44 30 22 64 63 11 23 8 18
Durchlauf 655000 94 44 30 22 64 63 11 23 8 18
Durchlauf 656000 94 44 30 22 64 63 11 23 8 18
Durchlauf 657000 94 44 30 22 64 63 11 23 8 18
Durchlauf 658000 94 44 30 22 64 63 11 23 8 18
Durchlauf 659000 94 44 30 22 64 63 11 23 8 18
Durchlauf 660000 94 44 30 22 64 63 11 23 8 18
Durchlauf 661000 94 44 30 22 64 63 11 23 8 18
Durchlauf 662000 94 44 30 22 64 63 11 23 8 18
Durchlauf 663000 94 44 30 22 64 63 11 23 8 18
Durchlauf 664000 94 44 30 22 64 63 11 23 8 18
Durchlauf 665000 94 44 30 22 64 63 11 23 8 18
Durchlauf 666000 94 44 30 22 64 63 11 23 8 18
Durchlauf 667000 94 44 30 22 64 63 11 23 8 18
Durchlauf 668000 94 44 30 22 64 63 11 23 8 18
Durchlauf 669000 94 44 30 22 64 63 11 23 8 18
Durchlauf 670000 94 44 30 22 64 63 11 23 8 18
Durchlauf 671000 94 44 30 22 64 63 11 23 8 18
Durchlauf 672000 94 44 30 22 64 63 11 23 8 18
Durchlauf 673000 94 44 30 22 64 63 11 23 8 18
Durchlauf 674000 94 44 30 22 64 63 11 23 8 18
Durchlauf 675000 94 44 30 22 64 63 11 23 8 18
Durchlauf 676000 94 44 30 22 64 63 11 23 8 18
Durchlauf 677000 94 44 30 22 64 63 11 23 8 18
Durchlauf 678000 94 44 30 22 64 63 11 23 8 18
Durchlauf 679000 94 44 30 22 64 63 11 23 8 18
Durchlauf 680000 94 44 30 22 64 63 11 23 8 18
Durchlauf 681000 94 44 30 22 64 63 11 23 8 18
Durchlauf 682000 94 44 30 22 64 63 11 23 8 18
Durchlauf 683000 94 44 30 22 64 63 11 23 8 18
Durchlauf 684000 94 44 30 22 64 63 11 23 8 18
Durchlauf 685000 94 44 30 22 64 63 11 23 8 18
Durchlauf 686000 94 44 30 22 64 63 11 23 8 18
Durchlauf 687000 94 44 30 22 64 63 11 23 8 18
Durchlauf 688000 94 44 30 22 64 63 11 23 8 18
Durchlauf 689000 94 44 30 22 64 63 11 23 8 18
Durchlauf 690000 94 44 30 22 64 63 11 23 8 18
Durchlauf 691000 94 44 30 22 64 63 11 23 8 18
Durchlauf 692000 94 44 30 22 64 63 11 23 8 18
Durchlauf 693000 94 44 30 22 64 63 11 23 8 18
Durchlauf 694000 94 44 30 22 64 63 11 23 8 18
Durchlauf 695000 94 44 30 22 64 63 11 23 8 18
Durchlauf 696000 94 44 30 22 64 63 11 23 8 18
Durchlauf 697000 94 44 30 22 64 63 11 23 8 18
Durchlauf 698000 94 44 30 22 64 63 11 23 8 18
Durchlauf 699000 94 44 30 22 64 63 11 23 8 18
Durchlauf 700000 94 44 30 22 64 63 11 23 8 18
Durchlauf 701000 94 44 30 22 64 63 11 23 8 18
Durchlauf 702000 94 44 30 22 64 63 11 23 8 18
Durchlauf 703000 94 44 30 22 64 63 11 23 8 18
Durchlauf 704000 94 44 30 22 64 63 11 23 8 18
Durchlauf 705000 94 44 30 22 64 63 11 23 8 18
Durchlauf 706000 94 44 30 22 64 63 11 23 8 18
Durchlauf 707000 94 44 30 22 64 63 11 23 8 18
Durchlauf 708000 94 44 30 22 64 63 11 23 8 18
Durchlauf 709000 94 44 30 22 64 63 11 23 8 18
Durchlauf 710000 94 44 30 22 64 63 11 23 8 18
Durchlauf 711000 94 44 30 22 64 63 11 23 8 18
Durchlauf 712000 94 44 30 22 64 63 11 23 8 18
Durchlauf 713000 94 44 30 22 64 63 11 23 8 18
Durchlauf 714000 94 44 30 22 64 63 11 23 8 18
Durchlauf 715000 94 44 30 22 64 63 11 23 8 18
Durchlauf 716000 94 44 30 22 64 63 11 23 8 18
Durchlauf 717000 94 44 30 22 64 63 11 23 8 18
Durchlauf 718000 94 44 30 22 64 63 11 23 8 18
Durchlauf 719000 94 44 30 22 64 63 11 23 8 18
Durchlauf 720000 94 44 30 22 64 63 11 23 8 18
Durchlauf 721000 94 44 30 22 64 63 11 23 8 18
Durchlauf 722000 94 44 30 22 64 63 11 23 8 18
Durchlauf 723000 94 44 30 22 64 63 11 23 8 18
Durchlauf 724000 94 44 30 22 64 63 11 23 8 18
Durchlauf 725000 94 44 30 22 64 63 11 23 8 18
Durchlauf 726000 94 44 30 22 64 63 11 23 8 18
Durchlauf 727000 94 44 30 22 64 63 11 23 8 18
Durchlauf 728000 94 44 30 22 64 63 11 23 8 18
Durchlauf 729000 94 44 30 22 64 63 11 23 8 18
Durchlauf 730000 94 44 30 22 64 63 11 23 8 18
Durchlauf 731000 94 44 30 22 64 63 11 23 8 18
Durchlauf 732000 94 44 30 22 64 63 11 23 8 18
Durchlauf 733000 94 44 30 22 64 63 11 23 8 18
Durchlauf 734000 94 44 30 22 64 63 11 23 8 18
Durchlauf 735000 94 44 30 22 64 63 11 23 8 18
Durchlauf 736000 94 44 30 22 64 63 11 23 8 18
Durchlauf 737000 94 44 30 22 64 63 11 23 8 18
Durchlauf 738000 94 44 30 22 64 63 11 23 8 18
Durchlauf 739000 94 44 30 22 64 63 11 23 8 18
Durchlauf 740000 94 44 30 22 64 63 11 23 8 18
Durchlauf 741000 94 44 30 22 64 63 11 23 8 18
Durchlauf 742000 94 44 30 22 64 63 11 23 8 18
Durchlauf 743000 94 44 30 22 64 63 11 23 8 18
Durchlauf 744000 94 44 30 22 64 63 11 23 8 18
Durchlauf 745000 94 44 30 22 64 63 11 23 8 18
Durchlauf 746000 94 44 30 22 64 63 11 23 8 18
Durchlauf 747000 94 44 30 22 64 63 11 23 8 18
Durchlauf 748000 94 44 30 22 64 63 11 23 8 18
Durchlauf 749000 94 44 30 22 64 63 11 23 8 18
Durchlauf 750000 94 44 30 22 64 63 11 23 8 18
Durchlauf 751000 94 44 30 22 64 63 11 23 8 18
Durchlauf 752000 94 44 30 22 64 63 11 23 8 18
Durchlauf 753000 94 44 30 22 64 63 11 23 8 18
Durchlauf 754000 94 44 30 22 64 63 11 23 8 18
Durchlauf 755000 94 44 30 22 64 63 11 23 8 18
Durchlauf 756000 94 44 30 22 64 63 11 23 8 18
Durchlauf 757000 94 44 30 22 64 63 11 23 8 18
Durchlauf 758000 94 44 30 22 64 63 11 23 8 18
Durchlauf 759000 94 44 30 22 64 63 11 23 8 18
Durchlauf 760000 94 44 30 22 64 63 11 23 8 18
Durchlauf 761000 94 44 30 22 64 63 11 23 8 18
Durchlauf 762000 94 44 30 22 64 63 11 23 8 18
Durchlauf 763000 94 44 30 22 64 63 11 23 8 18
Durchlauf 764000 94 44 30 22 64 63 11 23 8 18
Durchlauf 765000 94 44 30 22 64 63 11 23 8 18
Durchlauf 766000 94 44 30 22 64 63 11 23 8 18
Durchlauf 767000 94 44 30 22 64 63 11 23 8 18
Durchlauf 768000 94 44 30 22 64 63 11 23 8 18
Durchlauf 769000 94 44 30 22 64 63 11 23 8 18
Durchlauf 770000 94 44 30 22 64 63 11 23 8 18
Durchlauf 771000 94 44 30 22 64 63 11 23 8 18
Durchlauf 772000 94 44 30 22 64 63 11 23 8 18
Durchlauf 773000 94 44 30 22 64 63 11 23 8 18
Durchlauf 774000 94 44 30 22 64 63 11 23 8 18
Durchlauf 775000 94 44 30 22 64 63 11 23 8 18
Durchlauf 776000 94 44 30 22 64 63 11 23 8 18
Durchlauf 777000 94 44 30 22 64 63 11 23 8 18
Durchlauf 778000 94 44 30 22 64 63 11 23 8 18
Durchlauf 779000 94 44 30 22 64 63 11 23 8 18
Durchlauf 780000 94 44 30 22 64 63 11 23 8 18
Durchlauf 781000 94 44 30 22 64 63 11 23 8 18
Durchlauf 782000 94 44 30 22 64 63 11 23 8 18
Durchlauf 783000 94 44 30 22 64 63 11 23 8 18
Durchlauf 784000 94 44 30 22 64 63 11 23 8 18
Durchlauf 785000 94 44 30 22 64 63 11 23 8 18
Durchlauf 786000 94 44 30 22 64 63 11 23 8 18
Durchlauf 787000 94 44 30 22 64 63 11 23 8 18
Durchlauf 788000 94 44 30 22 64 63 11 23 8 18
Durchlauf 789000 94 44 30 22 64 63 11 23 8 18
Durchlauf 790000 94 44 30 22 64 63 11 23 8 18
Durchlauf 791000 94 44 30 22 64 63 11 23 8 18
Durchlauf 792000 94 44 30 22 64 63 11 23 8 18
Durchlauf 793000 94 44 30 22 64 63 11 23 8 18
Durchlauf 794000 94 44 30 22 64 63 11 23 8 18
Durchlauf 795000 94 44 30 22 64 63 11 23 8 18
Durchlauf 796000 94 44 30 22 64 63 11 23 8 18
Durchlauf 797000 94 44 30 22 64 63 11 23 8 18
Durchlauf 798000 94 44 30 22 64 63 11 23 8 18
Durchlauf 799000 94 44 30 22 64 63 11 23 8 18
Durchlauf 800000 94 44 30 22 64 63 11 23 8 18
Durchlauf 801000 94 44 30 22 64 63 11 23 8 18
Durchlauf 802000 94 44 30 22 64 63 11 23 8 18
Durchlauf 803000 94 44 30 22 64 63 11 23 8 18
Durchlauf 804000 94 44 30 22 64 63 11 23 8 18
Durchlauf 805000 94 44 30 22 64 63 11 23 8 18
Durchlauf 806000 94 44 30 22 64 63 11 23 8 18
Durchlauf 807000 94 44 30 22 64 63 11 23 8 18
Durchlauf 808000 94 44 30 22 64 63 11 23 8 18
Durchlauf 809000 94 44 30 22 64 63 11 23 8 18
Durchlauf 810000 94 44 30 22 64 63 11 23 8 18
Durchlauf 811000 94 44 30 22 64 63 11 23 8 18
Durchlauf 812000 94 44 30 22 64 63 11 23 8 18
Durchlauf 813000 94 44 30 22 64 63 11 23 8 18
Durchlauf 814000 94 44 30 22 64 63 11 23 8 18
Durchlauf 815000 94 44 30 22 64 63 11 23 8 18
Durchlauf 816000 94 44 30 22 64 63 11 23 8 18
Durchlauf 817000 94 44 30 22 64 63 11 23 8 18
Durchlauf 818000 94 44 30 22 64 63 11 23 8 18
Durchlauf 819000 94 44 30 22 64 63 11 23 8 18
Durchlauf 820000 94 44 30 22 64 63 11 23 8 18
Durchlauf 821000 94 44 30 22 64 63 11 23 8 18
Durchlauf 822000 94 44 30 22 64 63 11 23 8 18
Durchlauf 823000 94 44 30 22 64 63 11 23 8 18
Durchlauf 824000 94 44 30 22 64 63 11 23 8 18
Durchlauf 825000 94 44 30 22 64 63 11 23 8 18
Durchlauf 826000 94 44 30 22 64 63 11 23 8 18
Durchlauf 827000 94 44 30 22 64 63 11 23 8 18
Durchlauf 828000 94 44 30 22 64 63 11 23 8 18
Durchlauf 829000 94 44 30 22 64 63 11 23 8 18
Durchlauf 830000 94 44 30 22 64 63 11 23 8 18
Durchlauf 831000 94 44 30 22 64 63 11 23 8 18
Durchlauf 832000 94 44 30 22 64 63 11 23 8 18
Durchlauf 833000 94 44 30 22 64 63 11 23 8 18
Durchlauf 834000 94 44 30 22 64 63 11 23 8 18
Durchlauf 835000 94 44 30 22 64 63 11 23 8 18
Durchlauf 836000 94 44 30 22 64 63 11 23 8 18
Durchlauf 837000 94 44 30 22 64 63 11 23 8 18
Durchlauf 838000 94 44 30 22 64 63 11 23 8 18
Durchlauf 839000 94 44 30 22 64 63 11 23 8 18
Durchlauf 840000 94 44 30 22 64 63 11 23 8 18
Durchlauf 841000 94 44 30 22 64 63 11 23 8 18
Durchlauf 842000 94 44 30 22 64 63 11 23 8 18
Durchlauf 843000 94 44 30 22 64 63 11 23 8 18
Durchlauf 844000 94 44 30 22 64 63 11 23 8 18
Durchlauf 845000 94 44 30 22 64 63 11 23 8 18
Durchlauf 846000 94 44 30 22 64 63 11 23 8 18
Durchlauf 847000 94 44 30 22 64 63 11 23 8 18
Durchlauf 848000 94 44 30 22 64 63 11 23 8 18
Durchlauf 849000 94 44 30 22 64 63 11 23 8 18
Durchlauf 850000 94 44 30 22 64 63 11 23 8 18
Durchlauf 851000 94 44 30 22 64 63 11 23 8 18
Durchlauf 852000 94 44 30 22 64 63 11 23 8 18
Durchlauf 853000 94 44 30 22 64 63 11 23 8 18
Durchlauf 854000 94 44 30 22 64 63 11 23 8 18
Durchlauf 855000 94 44 30 22 64 63 11 23 8 18
Durchlauf 856000 94 44 30 22 64 63 11 23 8 18
Durchlauf 857000 94 44 30 22 64 63 11 23 8 18
Durchlauf 858000 94 44 30 22 64 63 11 23 8 18
Durchlauf 859000 94 44 30 22 64 63 11 23 8 18
Durchlauf 860000 94 44 30 22 64 63 11 23 8 18
Durchlauf 861000 94 44 30 22 64 63 11 23 8 18
Durchlauf 862000 94 44 30 22 64 63 11 23 8 18
Durchlauf 863000 94 44 30 22 64 63 11 23 8 18
Durchlauf 864000 94 44 30 22 64 63 11 23 8 18
Durchlauf 865000 94 44 30 22 64 63 11 23 8 18
Durchlauf 866000 94 44 30 22 64 63 11 23 8 18
Durchlauf 867000 94 44 30 22 64 63 11 23 8 18
Durchlauf 868000 94 44 30 22 64 63 11 23 8 18
Durchlauf 869000 94 44 30 22 64 63 11 23 8 18
Durchlauf 870000 94 44 30 22 64 63 11 23 8 18
Durchlauf 871000 94 44 30 22 64 63 11 23 8 18
Durchlauf 872000 94 44 30 22 64 63 11 23 8 18
Durchlauf 873000 94 44 30 22 64 63 11 23 8 18
Durchlauf 874000 94 44 30 22 64 63 11 23 8 18
Durchlauf 875000 94 44 30 22 64 63 11 23 8 18
Durchlauf 876000 94 44 30 22 64 63 11 23 8 18
Durchlauf 877000 94 44 30 22 64 63 11 23 8 18
Durchlauf 878000 94 44 30 22 64 63 11 23 8 18
Durchlauf 879000 94 44 30 22 64 63 11 23 8 18
Durchlauf 880000 94 44 30 22 64 63 11 23 8 18
Durchlauf 881000 94 44 30 22 64 63 11 23 8 18
Durchlauf 882000 94 44 30 22 64 63 11 23 8 18
Durchlauf 883000 94 44 30 22 64 63 11 23 8 18
Durchlauf 884000 94 44 30 22 64 63 11 23 8 18
Durchlauf 885000 94 44 30 22 64 63 11 23 8 18
Durchlauf 886000 94 44 30 22 64 63 11 23 8 18
Durchlauf 887000 94 44 30 22 64 63 11 23 8 18
Durchlauf 888000 94 44 30 22 64 63 11 23 8 18
Durchlauf 889000 94 44 30 22 64 63 11 23 8 18
Durchlauf 890000 94 44 30 22 64 63 11 23 8 18
Durchlauf 891000 94 44 30 22 64 63 11 23 8 18
Durchlauf 892000 94 44 30 22 64 63 11 23 8 18
Durchlauf 893000 94 44 30 22 64 63 11 23 8 18
Durchlauf 894000 94 44 30 22 64 63 11 23 8 18
Durchlauf 895000 94 44 30 22 64 63 11 23 8 18
Durchlauf 896000 94 44 30 22 64 63 11 23 8 18
Durchlauf 897000 94 44 30 22 64 63 11 23 8 18
Durchlauf 898000 94 44 30 22 64 63 11 23 8 18
Durchlauf 899000 94 44 30 22 64 63 11 23 8 18
Durchlauf 900000 94 44 30 22 64 63 11 23 8 18
Durchlauf 901000 94 44 30 22 64 63 11 23 8 18
Durchlauf 902000 94 44 30 22 64 63 11 23 8 18
Durchlauf 903000 94 44 30 22 64 63 11 23 8 18
Durchlauf 904000 94 44 30 22 64 63 11 23 8 18
Durchlauf 905000 94 44 30 22 64 63 11 23 8 18
Durchlauf 906000 94 44 30 22 64 63 11 23 8 18
Durchlauf 907000 94 44 30 22 64 63 11 23 8 18
Durchlauf 908000 94 44 30 22 64 63 11 23 8 18
Durchlauf 909000 94 44 30 22 64 63 11 23 8 18
Durchlauf 910000 94 44 30 22 64 63 11 23 8 18
Durchlauf 911000 94 44 30 22 64 63 11 23 8 18
Durchlauf 912000 94 44 30 22 64 63 11 23 8 18
Durchlauf 913000 94 44 30 22 64 63 11 23 8 18
Durchlauf 914000 94 44 30 22 64 63 11 23 8 18
Durchlauf 915000 94 44 30 22 64 63 11 23 8 18
Durchlauf 916000 94 44 30 22 64 63 11 23 8 18
Durchlauf 917000 94 44 30 22 64 63 11 23 8 18
Durchlauf 918000 94 44 30 22 64 63 11 23 8 18
Durchlauf 919000 94 44 30 22 64 63 11 23 8 18
Durchlauf 920000 94 44 30 22 64 63 11 23 8 18
Durchlauf 921000 94 44 30 22 64 63 11 23 8 18
Durchlauf 922000 94 44 30 22 64 63 11 23 8 18
Durchlauf 923000 94 44 30 22 64 63 11 23 8 18
Durchlauf 924000 94 44 30 22 64 63 11 23 8 18
Durchlauf 925000 94 44 30 22 64 63 11 23 8 18
Durchlauf 926000 94 44 30 22 64 63 11 23 8 18
Durchlauf 927000 94 44 30 22 64 63 11 23 8 18
Durchlauf 928000 94 44 30 22 64 63 11 23 8 18
Durchlauf 929000 94 44 30 22 64 63 11 23 8 18
Durchlauf 930000 94 44 30 22 64 63 11 23 8 18
Durchlauf 931000 94 44 30 22 64 63 11 23 8 18
Durchlauf 932000 94 44 30 22 64 63 11 23 8 18
Durchlauf 933000 94 44 30 22 64 63 11 23 8 18
Durchlauf 934000 94 44 30 22 64 63 11 23 8 18
Durchlauf 935000 94 44 30 22 64 63 11 23 8 18
Durchlauf 936000 94 44 30 22 64 63 11 23 8 18
Durchlauf 937000 94 44 30 22 64 63 11 23 8 18
Durchlauf 938000 94 44 30 22 64 63 11 23 8 18
Durchlauf 939000 94 44 30 22 64 63 11 23 8 18
Durchlauf 940000 94 44 30 22 64 63 11 23 8 18
Durchlauf 941000 94 44 30 22 64 63 11 23 8 18
Durchlauf 942000 94 44 30 22 64 63 11 23 8 18
Durchlauf 943000 94 44 30 22 64 63 11 23 8 18
Durchlauf 944000 94 44 30 22 64 63 11 23 8 18
Durchlauf 945000 94 44 30 22 64 63 11 23 8 18
Durchlauf 946000 94 44 30 22 64 63 11 23 8 18
Durchlauf 947000 94 44 30 22 64 63 11 23 8 18
Durchlauf 948000 94 44 30 22 64 63 11 23 8 18
Durchlauf 949000 94 44 30 22 64 63 11 23 8 18
Durchlauf 950000 94 44 30 22 64 63 11 23 8 18
Durchlauf 951000 94 44 30 22 64 63 11 23 8 18
Durchlauf 952000 94 44 30 22 64 63 11 23 8 18
Durchlauf 953000 94 44 30 22 64 63 11 23 8 18
Durchlauf 954000 94 44 30 22 64 63 11 23 8 18
Durchlauf 955000 94 44 30 22 64 63 11 23 8 18
Durchlauf 956000 94 44 30 22 64 63 11 23 8 18
Durchlauf 957000 94 44 30 22 64 63 11 23 8 18
Durchlauf 958000 94 44 30 22 64 63 11 23 8 18
Durchlauf 959000 94 44 30 22 64 63 11 23 8 18
Durchlauf 960000 94 44 30 22 64 63 11 23 8 18
Durchlauf 961000 94 44 30 22 64 63 11 23 8 18
Durchlauf 962000 94 44 30 22 64 63 11 23 8 18
Durchlauf 963000 94 44 30 22 64 63 11 23 8 18
Durchlauf 964000 94 44 30 22 64 63 11 23 8 18
Durchlauf 965000 94 44 30 22 64 63 11 23 8 18
Durchlauf 966000 94 44 30 22 64 63 11 23 8 18
Durchlauf 967000 94 44 30 22 64 63 11 23 8 18
Durchlauf 968000 94 44 30 22 64 63 11 23 8 18
Durchlauf 969000 94 44 30 22 64 63 11 23 8 18
Durchlauf 970000 94 44 30 22 64 63 11 23 8 18
Durchlauf 971000 94 44 30 22 64 63 11 23 8 18
Durchlauf 972000 94 44 30 22 64 63 11 23 8 18
Durchlauf 973000 94 44 30 22 64 63 11 23 8 18
Durchlauf 974000 94 44 30 22 64 63 11 23 8 18
Durchlauf 975000 94 44 30 22 64 63 11 23 8 18
Durchlauf 976000 94 44 30 22 64 63 11 23 8 18
Durchlauf 977000 94 44 30 22 64 63 11 23 8 18
Durchlauf 978000 94 44 30 22 64 63 11 23 8 18
Durchlauf 979000 94 44 30 22 64 63 11 23 8 18
Durchlauf 980000 94 44 30 22 64 63 11 23 8 18
Durchlauf 981000 94 44 30 22 64 63 11 23 8 18
Durchlauf 982000 94 44 30 22 64 63 11 23 8 18
Durchlauf 983000 94 44 30 22 64 63 11 23 8 18
Durchlauf 984000 94 44 30 22 64 63 11 23 8 18
Durchlauf 985000 94 44 30 22 64 63 11 23 8 18
Durchlauf 986000 94 44 30 22 64 63 11 23 8 18
Durchlauf 987000 94 44 30 22 64 63 11 23 8 18
Durchlauf 988000 94 44 30 22 64 63 11 23 8 18
Durchlauf 989000 94 44 30 22 64 63 11 23 8 18
Durchlauf 990000 94 44 30 22 64 63 11 23 8 18
Durchlauf 991000 94 44 30 22 64 63 11 23 8 18
Durchlauf 992000 94 44 30 22 64 63 11 23 8 18
Durchlauf 993000 94 44 30 22 64 63 11 23 8 18
Durchlauf 994000 94 44 30 22 64 63 11 23 8 18
Durchlauf 995000 94 44 30 22 64 63 11 23 8 18
Durchlauf 996000 94 44 30 22 64 63 11 23 8 18
Durchlauf 997000 94 44 30 22 64 63 11 23 8 18
Durchlauf 998000 94 44 30 22 64 63 11 23 8 18
Durchlauf 999000 94 44 30 22 64 63 11 23 8 18
