1000	0.003766
11000	0.003708
21000	0.003768
31000	0.00368
41000	0.003718
51000	0.003695
61000	0.003703
71000	0.00371
81000	0.003717
91000	0.003729
101000	0.003771
111000	0.003721
121000	0.003724
131000	0.003732
141000	0.003736
151000	0.003729
161000	0.003771
171000	0.003752
181000	0.004012
191000	0.003736
201000	0.003789
211000	0.003794
221000	0.003742
231000	0.003726
241000	0.003709
251000	0.003742
261000	0.003707
271000	0.003703
281000	0.003708
291000	0.003713
301000	0.003761
311000	0.003704
321000	0.003703
331000	0.003705
341000	0.003715
351000	0.003705
361000	0.003695
371000	0.003709
381000	0.003728
391000	0.003746
401000	0.003765
411000	0.003839
421000	0.00377
431000	0.003721
441000	0.003804
451000	0.00376
461000	0.003733
471000	0.003822
481000	0.003801
491000	0.003725
501000	0.003744
511000	0.003763
521000	0.003718
531000	0.003721
541000	0.003726
551000	0.003743
561000	0.003745
571000	0.003725
581000	0.003869
591000	0.00391
601000	0.003725
611000	0.003733
621000	0.003722
631000	0.003722
641000	0.003805
651000	0.003861
661000	0.003749
671000	0.003707
681000	0.003711
691000	0.003709
701000	0.003941
711000	0.00371
721000	0.003723
731000	0.003776
741000	0.003711
751000	0.003714
761000	0.003711
771000	0.003711
781000	0.00371
791000	0.003707
801000	0.003734
811000	0.003707
821000	0.00372
831000	0.003713
841000	0.003721
851000	0.003705
861000	0.003705
871000	0.003729
881000	0.003709
891000	0.003755
901000	0.003713
911000	0.003715
921000	0.003733
931000	0.003738
941000	0.003724
951000	0.003747
961000	0.003718
971000	0.003732
981000	0.003745
991000	0.003763
1001000	0.003744
1011000	0.003722
1021000	0.003746
1031000	0.003738
1041000	0.003734
1051000	0.003729
1061000	0.003718
1071000	0.003738
1081000	0.003727
1091000	0.003756
1101000	0.003718
1111000	0.003735
1121000	0.003729
1131000	0.003784
1141000	0.003705
1151000	0.00372
1161000	0.003721
1171000	0.003706
1181000	0.003741
1191000	0.003707
1201000	0.003826
1211000	0.003703
1221000	0.003703
1231000	0.003712
1241000	0.00374
1251000	0.003708
1261000	0.003707
1271000	0.003707
1281000	0.003704
1291000	0.003707
1301000	0.003714
1311000	0.003732
1321000	0.003698
1331000	0.003704
1341000	0.0037
1351000	0.003711
1361000	0.003724
1371000	0.00374
1381000	0.003727
1391000	0.003727
1401000	0.003724
1411000	0.003731
1421000	0.003969
1431000	0.003734
1441000	0.00372
1451000	0.003718
1461000	0.00373
1471000	0.003738
1481000	0.00373
1491000	0.003741
1501000	0.003723
1511000	0.00373
1521000	0.003729
1531000	0.003725
1541000	0.00372
1551000	0.003753
1561000	0.00374
1571000	0.003713
1581000	0.00371
1591000	0.00372
1601000	0.003755
1611000	0.003718
1621000	0.003937
1631000	0.003704
1641000	0.003704
1651000	0.003756
1661000	0.003723
1671000	0.003724
1681000	0.003708
1691000	0.003703
1701000	0.003716
1711000	0.003731
1721000	0.003705
1731000	0.003709
1741000	0.003706
1751000	0.003743
1761000	0.003726
1771000	0.003978
1781000	0.003838
1791000	0.003706
1801000	0.003775
1811000	0.003714
1821000	0.003726
1831000	0.003708
1841000	0.003701
1851000	0.003712
1861000	0.003805
1871000	0.00375
1881000	0.003741
1891000	0.003755
1901000	0.003742
1911000	0.003798
1921000	0.003708
1931000	0.003741
1941000	0.003719
1951000	0.003741
1961000	0.003751
1971000	0.003724
1981000	0.003718
1991000	0.003775
2001000	0.003729
2011000	0.003718
2021000	0.003717
2031000	0.00372
2041000	0.003761
2051000	0.003722
2061000	0.003734
2071000	0.003717
2081000	0.00373
2091000	0.003729
2101000	0.003755
2111000	0.00378
2121000	0.003724
2131000	0.003717
2141000	0.003718
2151000	0.003711
2161000	0.003767
2171000	0.003734
2181000	0.00373
2191000	0.003712
2201000	0.003721
2211000	0.003727
2221000	0.003712
2231000	0.00371
2241000	0.003716
2251000	0.003723
2261000	0.003757
2271000	0.003722
2281000	0.003721
2291000	0.00372
2301000	0.003732
2311000	0.003732
2321000	0.00371
2331000	0.003741
2341000	0.003764
2351000	0.003738
2361000	0.003745
2371000	0.003704
2381000	0.00371
2391000	0.003714
2401000	0.003735
2411000	0.003698
2421000	0.003726
2431000	0.003701
2441000	0.003709
2451000	0.003726
2461000	0.00371
2471000	0.00374
2481000	0.003744
2491000	0.003711
2501000	0.003708
2511000	0.003705
2521000	0.003712
2531000	0.003713
2541000	0.003724
2551000	0.003718
2561000	0.0037
2571000	0.003703
2581000	0.003716
2591000	0.003751
2601000	0.00377
2611000	0.003701
2621000	0.00377
2631000	0.003713
2641000	0.003702
2651000	0.003699
2661000	0.003707
2671000	0.003705
2681000	0.003715
2691000	0.003713
2701000	0.00371
2711000	0.003705
2721000	0.00371
2731000	0.003736
2741000	0.003708
2751000	0.003714
2761000	0.003702
2771000	0.003729
2781000	0.003713
2791000	0.003711
2801000	0.003711
2811000	0.0037
2821000	0.003712
2831000	0.003716
2841000	0.003768
2851000	0.003662
2861000	0.003619
2871000	0.003653
2881000	0.003786
2891000	0.003813
2901000	0.00372
2911000	0.003699
2921000	0.00372
2931000	0.003723
2941000	0.003724
2951000	0.00373
2961000	0.003711
2971000	0.003719
2981000	0.003728
2991000	0.003757
3001000	0.00372
3011000	0.003718
3021000	0.003717
3031000	0.003732
3041000	0.003749
3051000	0.003719
3061000	0.003752
3071000	0.003907
3081000	0.00381
3091000	0.003714
3101000	0.003706
3111000	0.00374
3121000	0.003709
3131000	0.003742
3141000	0.003711
3151000	0.003706
3161000	0.003712
3171000	0.003714
3181000	0.003721
3191000	0.003709
3201000	0.003715
3211000	0.003729
3221000	0.003702
3231000	0.003714
3241000	0.003709
3251000	0.003711
3261000	0.003707
3271000	0.003707
3281000	0.003723
3291000	0.003701
3301000	0.003712
3311000	0.003709
3321000	0.003749
3331000	0.003846
3341000	0.00371
3351000	0.003768
3361000	0.003731
3371000	0.003723
3381000	0.003732
3391000	0.003739
3401000	0.003718
3411000	0.00372
3421000	0.003723
3431000	0.003742
3441000	0.003719
3451000	0.003717
3461000	0.00373
3471000	0.003728
3481000	0.003713
3491000	0.003719
3501000	0.00374
3511000	0.003738
3521000	0.003724
3531000	0.003713
3541000	0.003723
3551000	0.00372
3561000	0.003808
3571000	0.00372
3581000	0.003716
3591000	0.003717
3601000	0.00372
3611000	0.003706
3621000	0.003705
3631000	0.00371
3641000	0.003737
3651000	0.003708
3661000	0.003695
3671000	0.003698
3681000	0.003696
3691000	0.003714
3701000	0.003712
3711000	0.003707
3721000	0.003725
3731000	0.003703
3741000	0.003701
3751000	0.003711
3761000	0.003711
3771000	0.003709
3781000	0.003704
3791000	0.003722
3801000	0.00372
3811000	0.003712
3821000	0.003712
3831000	0.003702
3841000	0.003702
3851000	0.003702
3861000	0.003739
3871000	0.003711
3881000	0.003709
3891000	0.003696
3901000	0.003694
3911000	0.003708
3921000	0.003703
3931000	0.003714
3941000	0.003739
3951000	0.003706
3961000	0.003705
3971000	0.003705
3981000	0.003734
3991000	0.003716
4001000	0.003703
4011000	0.003741
4021000	0.003713
4031000	0.003701
4041000	0.003713
4051000	0.003756
4061000	0.003712
4071000	0.003721
4081000	0.003759
4091000	0.003724
4101000	0.00373
4111000	0.003722
4121000	0.003752
4131000	0.003728
4141000	0.003728
4151000	0.003735
4161000	0.003761
4171000	0.003721
4181000	0.003728
4191000	0.003726
4201000	0.003739
4211000	0.003726
4221000	0.003721
4231000	0.003736
4241000	0.00373
4251000	0.003753
4261000	0.003742
4271000	0.003728
4281000	0.003737
4291000	0.003792
4301000	0.003741
4311000	0.003748
4321000	0.003712
4331000	0.003718
4341000	0.003716
4351000	0.003728
4361000	0.00373
4371000	0.003706
4381000	0.003699
4391000	0.003672
4401000	0.003767
4411000	0.003745
4421000	0.003874
4431000	0.003738
4441000	0.00374
4451000	0.003747
4461000	0.003862
4471000	0.003797
4481000	0.003754
4491000	0.003754
4501000	0.003852
4511000	0.003788
4521000	0.003773
4531000	0.00466
4541000	0.003847
4551000	0.004618
4561000	0.003746
4571000	0.003724
4581000	0.00377
4591000	0.003746
4601000	0.003723
4611000	0.003748
4621000	0.003787
4631000	0.003721
4641000	0.003719
4651000	0.003732
4661000	0.003769
4671000	0.003711
4681000	0.003728
4691000	0.003728
4701000	0.003724
4711000	0.00371
4721000	0.003714
4731000	0.003793
4741000	0.003772
4751000	0.003715
4761000	0.00372
4771000	0.003791
4781000	0.003726
4791000	0.003786
4801000	0.003727
4811000	0.003717
4821000	0.003728
4831000	0.003723
4841000	0.003736
4851000	0.003721
4861000	0.003796
4871000	0.003746
4881000	0.00372
4891000	0.003728
4901000	0.003763
4911000	0.003732
4921000	0.003725
4931000	0.003734
4941000	0.003848
4951000	0.003777
4961000	0.003731
4971000	0.003709
4981000	0.00374
4991000	0.003721
5001000	0.003728
5011000	0.003786
5021000	0.003721
5031000	0.003723
5041000	0.003718
5051000	0.003704
5061000	0.003762
5071000	0.00398
5081000	0.00372
5091000	0.003722
5101000	0.00372
5111000	0.003709
5121000	0.00371
5131000	0.003716
5141000	0.003719
5151000	0.003715
5161000	0.003732
5171000	0.003705
5181000	0.003714
5191000	0.003712
5201000	0.003715
5211000	0.003731
5221000	0.003701
5231000	0.003704
5241000	0.003729
5251000	0.003743
5261000	0.003703
5271000	0.00371
5281000	0.003702
5291000	0.00371
5301000	0.003711
5311000	0.003732
5321000	0.003704
5331000	0.003702
5341000	0.003701
5351000	0.003798
5361000	0.003723
5371000	0.003712
5381000	0.003772
5391000	0.003821
5401000	0.00375
5411000	0.003718
5421000	0.003719
5431000	0.003708
5441000	0.003728
5451000	0.003713
5461000	0.003709
5471000	0.00372
5481000	0.003709
5491000	0.00372
5501000	0.003713
5511000	0.003713
5521000	0.003728
5531000	0.003718
5541000	0.003708
5551000	0.003706
5561000	0.00374
5571000	0.003723
5581000	0.003703
5591000	0.003709
5601000	0.003732
5611000	0.003722
5621000	0.003711
5631000	0.003706
5641000	0.003762
5651000	0.003724
5661000	0.00371
5671000	0.003739
5681000	0.003703
5691000	0.0037
5701000	0.0037
5711000	0.003712
5721000	0.003716
5731000	0.003699
5741000	0.003749
5751000	0.003873
5761000	0.003752
5771000	0.003714
5781000	0.003707
5791000	0.003868
5801000	0.003753
5811000	0.003703
5821000	0.003732
5831000	0.003939
5841000	0.003755
5851000	0.00373
5861000	0.003748
5871000	0.003954
5881000	0.003958
5891000	0.003843
5901000	0.004068
5911000	0.003971
5921000	0.003849
5931000	0.003815
5941000	0.003757
5951000	0.004308
5961000	0.003934
5971000	0.004413
5981000	0.003726
5991000	0.003717
6001000	0.003717
6011000	0.003711
6021000	0.003711
6031000	0.003742
6041000	0.003714
6051000	0.003699
6061000	0.003701
6071000	0.003712
6081000	0.003715
6091000	0.003709
6101000	0.003746
6111000	0.00371
6121000	0.003702
6131000	0.00374
6141000	0.003717
6151000	0.003709
6161000	0.00371
6171000	0.003702
6181000	0.003735
6191000	0.003715
6201000	0.003709
6211000	0.003737
6221000	0.003658
6231000	0.003741
6241000	0.003695
6251000	0.003703
6261000	0.003764
6271000	0.003703
6281000	0.003722
6291000	0.003662
6301000	0.003728
6311000	0.003754
6321000	0.003744
6331000	0.003708
6341000	0.0038
6351000	0.003718
6361000	0.003724
6371000	0.003723
6381000	0.003709
6391000	0.00372
6401000	0.00372
6411000	0.003711
6421000	0.003703
6431000	0.003699
6441000	0.003704
6451000	0.003716
6461000	0.003728
6471000	0.003736
6481000	0.003708
6491000	0.003718
6501000	0.003727
6511000	0.003742
6521000	0.003707
6531000	0.003719
6541000	0.003731
6551000	0.003721
6561000	0.003717
6571000	0.003717
6581000	0.003709
6591000	0.003729
6601000	0.003717
6611000	0.003736
6621000	0.003801
6631000	0.003749
6641000	0.003716
6651000	0.003712
6661000	0.003714
6671000	0.003723
6681000	0.003707
6691000	0.003743
6701000	0.00374
6711000	0.003738
6721000	0.00371
6731000	0.003711
6741000	0.003704
6751000	0.003707
6761000	0.003758
6771000	0.003707
6781000	0.003696
6791000	0.003703
6801000	0.003698
6811000	0.00374
6821000	0.003712
6831000	0.003708
6841000	0.003714
6851000	0.003705
6861000	0.003714
6871000	0.003749
6881000	0.004032
6891000	0.003724
6901000	0.003736
6911000	0.003721
6921000	0.003722
6931000	0.003718
6941000	0.003733
6951000	0.00371
6961000	0.003719
6971000	0.003712
6981000	0.003731
6991000	0.003711
7001000	0.003799
7011000	0.003726
7021000	0.003708
7031000	0.003702
7041000	0.00371
7051000	0.003796
7061000	0.003725
7071000	0.003732
7081000	0.003706
7091000	0.003703
7101000	0.003693
7111000	0.003699
7121000	0.003737
7131000	0.003713
7141000	0.003711
7151000	0.003715
7161000	0.003707
7171000	0.003705
7181000	0.003701
7191000	0.003733
7201000	0.003745
7211000	0.003706
7221000	0.003708
7231000	0.003706
7241000	0.003711
7251000	0.003713
7261000	0.003718
7271000	0.003733
7281000	0.003705
7291000	0.003704
7301000	0.00371
7311000	0.003712
7321000	0.003703
7331000	0.003707
7341000	0.003716
7351000	0.003714
7361000	0.003709
7371000	0.003709
7381000	0.003736
7391000	0.003708
7401000	0.003727
7411000	0.00372
7421000	0.003711
7431000	0.003741
7441000	0.003718
7451000	0.003712
7461000	0.003716
7471000	0.003701
7481000	0.003703
7491000	0.003754
7501000	0.003713
7511000	0.003721
7521000	0.003709
7531000	0.0037
7541000	0.003714
7551000	0.003715
7561000	0.003741
7571000	0.003718
7581000	0.003705
7591000	0.003719
7601000	0.00371
7611000	0.003706
7621000	0.003705
7631000	0.003704
7641000	0.00371
7651000	0.003707
7661000	0.003711
7671000	0.003718
7681000	0.003707
7691000	0.003726
7701000	0.003708
7711000	0.003723
7721000	0.003714
7731000	0.003718
7741000	0.003733
7751000	0.003709
7761000	0.003708
7771000	0.003719
7781000	0.00374
7791000	0.003708
7801000	0.003709
7811000	0.00372
7821000	0.003714
7831000	0.003735
7841000	0.003709
7851000	0.003717
7861000	0.003708
7871000	0.003692
7881000	0.003707
7891000	0.003729
7901000	0.003707
7911000	0.003714
7921000	0.003764
7931000	0.003814
7941000	0.003789
7951000	0.003798
7961000	0.003727
7971000	0.004131
7981000	0.004082
7991000	0.003742
8001000	0.003819
8011000	0.004468
8021000	0.003881
8031000	0.003853
8041000	0.003859
8051000	0.00397
8061000	0.003804
8071000	0.003834
8081000	0.003848
8091000	0.003762
8101000	0.003704
8111000	0.003713
8121000	0.003851
8131000	0.003767
8141000	0.003719
8151000	0.003754
8161000	0.003735
8171000	0.003708
8181000	0.003713
8191000	0.003712
8201000	0.003752
8211000	0.003747
8221000	0.003701
8231000	0.003721
8241000	0.003757
8251000	0.003723
8261000	0.003704
8271000	0.00371
8281000	0.003771
8291000	0.003724
8301000	0.00394
8311000	0.003773
8321000	0.00376
8331000	0.003749
8341000	0.003714
8351000	0.00378
8361000	0.003738
8371000	0.003767
8381000	0.003725
8391000	0.003799
8401000	0.003742
8411000	0.003752
8421000	0.00375
8431000	0.003811
8441000	0.003804
8451000	0.003732
8461000	0.003762
8471000	0.003741
8481000	0.003778
8491000	0.00376
8501000	0.003719
8511000	0.003753
8521000	0.003719
8531000	0.003785
8541000	0.003743
8551000	0.003748
8561000	0.003712
8571000	0.003799
8581000	0.003711
8591000	0.003716
8601000	0.003712
8611000	0.003772
8621000	0.003709
8631000	0.003742
8641000	0.003739
8651000	0.003719
8661000	0.00373
8671000	0.003726
8681000	0.003961
8691000	0.00373
8701000	0.003736
8711000	0.003741
8721000	0.003705
8731000	0.003709
8741000	0.00372
8751000	0.003732
8761000	0.003722
8771000	0.00372
8781000	0.003661
8791000	0.003794
8801000	0.003729
8811000	0.003827
8821000	0.003741
8831000	0.003739
8841000	0.003721
8851000	0.003734
8861000	0.00376
8871000	0.003826
8881000	0.003786
8891000	0.003705
8901000	0.003702
8911000	0.003717
8921000	0.003741
8931000	0.003748
8941000	0.003706
8951000	0.003705
8961000	0.003721
8971000	0.003715
8981000	0.003701
8991000	0.003711
9001000	0.003717
9011000	0.003731
9021000	0.003727
9031000	0.003858
9041000	0.003871
9051000	0.004136
9061000	0.003711
9071000	0.003711
9081000	0.0037
9091000	0.003733
9101000	0.003848
9111000	0.003854
9121000	0.003708
9131000	0.003749
9141000	0.003713
9151000	0.003744
9161000	0.003707
9171000	0.003705
9181000	0.003714
9191000	0.003708
9201000	0.003705
9211000	0.003718
9221000	0.003731
9231000	0.003743
9241000	0.003708
9251000	0.003742
9261000	0.003695
9271000	0.003693
9281000	0.003708
9291000	0.003816
9301000	0.00371
9311000	0.003724
9321000	0.003718
9331000	0.003728
9341000	0.003709
9351000	0.003704
9361000	0.003727
9371000	0.00379
9381000	0.003714
9391000	0.003703
9401000	0.003704
9411000	0.003797
9421000	0.003703
9431000	0.003706
9441000	0.003738
9451000	0.003728
9461000	0.003712
9471000	0.003707
9481000	0.003704
9491000	0.003744
9501000	0.003717
9511000	0.003732
9521000	0.003702
9531000	0.00372
9541000	0.003754
9551000	0.0037
9561000	0.003698
9571000	0.003709
9581000	0.003707
9591000	0.003714
9601000	0.003733
9611000	0.003717
9621000	0.003701
9631000	0.003727
9641000	0.003755
9651000	0.003719
9661000	0.003741
9671000	0.003742
9681000	0.003716
9691000	0.003727
9701000	0.003702
9711000	0.003711
9721000	0.003715
9731000	0.003723
9741000	0.003734
9751000	0.003709
9761000	0.003718
9771000	0.004082
9781000	0.005549
9791000	0.003721
9801000	0.003759
9811000	0.00377
9821000	0.003712
9831000	0.003723
9841000	0.003745
9851000	0.00374
9861000	0.003727
9871000	0.003747
9881000	0.00371
9891000	0.003792
9901000	0.003722
9911000	0.003732
9921000	0.00371
9931000	0.003718
9941000	0.00374
9951000	0.003724
9961000	0.003705
9971000	0.003719
9981000	0.003712
9991000	0.003706
