----------heapsort-------------
Durchgang 1-> 0 8 11 18 22 23 30 44 63 64
1	4.4e-05
Durchgang 2-> 8 11 18 22 23 30 44 63 64 98
2	1.4e-05
Durchgang 3-> 8 11 18 22 23 30 44 63 64 98
3	1.8e-05
Durchgang 4-> 8 11 18 22 23 30 44 63 64 98
4	1.1e-05
Durchgang 5-> 8 11 18 22 23 30 44 63 64 98
5	1.7e-05
Durchgang 6-> 8 11 18 22 23 30 44 63 64 98
6	9e-06
Durchgang 7-> 8 11 18 22 23 30 44 63 64 98
7	4.9e-05
Durchgang 8-> 8 11 18 22 23 30 44 63 64 98
8	1.3e-05
Durchgang 9-> 8 11 18 22 23 30 44 63 64 98
9	9e-06
 8 11 18 22 23 30 44 63 64 98
Finished in :0.000184 sec
